0 1 63 0
0 2 464 0
0 3 1937 0
0 4 3698 0
0 5 8582 0
0 6 10925 0
0 7 10926 0
0 8 11168 0
0 9 11282 0
0 10 11279 0
0 11 11281 0
0 12 11281 0
0 13 12138 0
0 14 12138 0
0 15 12659 0
0 16 12687 0
0 17 12687 0
0 18 12686 0
0 19 12689 0
0 20 12689 0
0 21 12688 0
0 22 12687 0
0 23 12687 0
0 24 12688 0
0 25 12688 0
0 26 12690 0
0 27 12690 0
0 28 13086 0
0 29 13086 0
1 2 479 479
2 1 96 96
2 3 1628 1628
3 2 248 248
3 4 2259 2259
4 3 621 621
4 5 5038 5038
5 4 346 346
5 6 2401 2401
6 5 134 134
6 7 30 30
7 6 32 32
7 8 292 292
8 7 62 62
8 9 137 137
9 8 47 47
9 10 72 72
10 9 75 75
10 11 267 267
10 12 267 267
11 10 265 265
11 12 0 0
12 10 265 265
12 11 0 0
12 13 4416 4416
12 14 4416 4416
13 12 3562 3562
13 14 0 0
14 12 3562 3562
14 13 0 0
14 15 571 571
14 17 599 599
15 14 56 56
15 16 116 116
16 15 88 88
16 17 0 0
17 14 56 56
17 16 0 0
17 18 44 44
17 19 399 399
17 20 399 399
18 17 45 45
18 21 399 399
19 17 395 395
19 20 0 0
20 17 395 395
20 19 0 0
20 21 44 44
21 20 45 45
21 18 395 395
21 22 136 136
21 23 136 136
22 21 137 137
22 23 0 0
23 21 137 137
23 22 0 0
23 24 150 150
23 25 150 150
24 23 149 149
24 25 0 0
25 23 149 149
25 24 0 0
25 26 403 403
25 27 403 403
26 25 399 399
26 27 0 0
27 25 399 399
27 26 0 0
27 28 2647 2647
27 29 2647 2647
28 27 2257 2257
28 29 0 0
29 27 2257 2257
29 28 0 0
