29 28 0 0
29 27 1567 2708
12 14 1922 5299
12 13 3824 5299
12 11 0 0
12 10 168 318
11 12 0 0
11 10 245 318
10 12 233 320
10 11 219 320
10 9 31 90
9 10 64 86
9 8 37 56
8 9 90 164
8 7 31 74
7 8 90 350
7 6 11 38
6 7 16 36
6 5 54 160
5 6 999 2881
5 4 343 415
4 5 3083 6045
4 3 238 745
3 4 685 2710
3 2 75 297
2 3 919 1953
2 1 64 115
1 2 335 574
0 29 9438 0
0 28 9487 0
0 27 5283 0
0 26 9696 0
0 25 7810 0
0 24 6933 0
0 23 4312 0
0 22 9202 0
0 21 10763 0
0 20 10935 0
0 19 8424 0
0 18 6487 0
0 17 11585 0
0 16 10259 0
0 15 12268 0
0 14 11506 0
0 1 42 0
0 2 185 0
0 3 1207 0
0 4 1718 0
0 5 7754 0
0 6 4880 0
0 7 9240 0
0 8 9945 0
0 9 11256 0
0 10 11276 0
0 11 8213 0
0 12 6483 0
0 13 5903 0
13 14 0 0
13 12 3163 4274
14 17 189 718
14 15 321 685
14 13 0 0
14 12 2757 4274
15 16 39 139
15 14 17 67
16 17 0 0
16 15 43 105
17 20 195 478
17 19 283 478
17 18 34 52
17 16 0 0
17 14 45 67
18 21 255 478
18 17 19 54
19 20 0 0
19 17 248 474
20 21 27 52
20 19 0 0
20 17 324 474
21 23 51 163
21 22 97 163
21 18 225 474
21 20 36 54
22 23 0 0
22 21 95 164
23 25 82 180
23 24 60 180
23 22 0 0
23 21 81 164
24 25 0 0
24 23 98 178
25 27 400 483
25 26 332 483
25 24 0 0
25 23 62 178
26 27 0 0
26 25 257 478
27 29 911 3176
27 28 2090 3176
27 26 0 0
27 25 160 478
28 29 0 0
28 27 900 2708
