246 230 3166 4053
246 184 1890 3344
246 180 4839 8041
246 233 1362 3720
246 155 3139 5077
246 187 1711 3333
246 135 3351 4656
246 47 16792 39001
246 17 108721 185710
246 214 2488 4466
246 201 2940 4562
246 6 13959 17172
245 215 1446 4420
245 194 1551 3688
245 99 885 3267
245 68 12262 48658
245 27 93636 194043
245 236 874 2637
245 2 5201 14624
244 222 2419 3944
244 86 1232 4708
244 8 13654 17510
244 37 141114 202962
244 79 18234 24127
244 40 13368 28880
244 69 26212 48603
244 20 108373 185703
244 136 1861 3814
244 177 5284 7390
244 148 1763 5067
244 171 2665 6789
244 242 1724 3062
244 184 1472 3309
244 207 2451 3708
244 178 4266 8398
243 219 2766 3984
243 172 3558 6778
243 74 13925 49405
243 32 107044 193615
243 90 3524 4453
243 51 38846 75510
243 12 118461 189562
243 135 1738 4621
243 5 5937 14812
242 244 753 1072
242 229 2425 2916
242 102 36582049 74490208
242 96 1180 3097
242 51 27300 75510
242 35 144755 195021
242 20 96924 185703
241 240 435 687
241 229 649 2504
241 30 85562 193767
241 160 1303 3752
241 130 3133 3781
241 143 3164 3800
241 39 112686 203204
241 68 36326 48658
241 94 909 3097
241 135 2632 4621
241 21 143100 189424
241 137 1988 3050
241 169 1559 3178
241 227 1735 2908
240 197 1707 2560
240 189 1691 2600
240 174 981 2341
240 170 4853 6417
240 241 422 688
240 9 91135 180860
240 152 2759 4372
240 191 1955 2575
240 104 1341 2348
240 43 8339 25455
240 51 26231 75510
240 60 20327 45286
240 99 1593 2580
240 62 36033 46011
240 114 2826990 6213471
240 100 1199 2359
240 71 30588 48714
240 39 52570 203204
240 97 892 2409
239 215 1344 2365
239 153 3179 4077
239 100 1494 2064
239 93 1721 4494
239 83 17589 24836
239 154 2554 4134
239 76 20073 49970
239 12 71968 189562
239 8 6921 17510
238 227 878 1561
238 206 193725 280839
238 153 2749 3754
238 213 650 2388
238 96 1257 1791
238 199 1572 1932
238 56 15118 45482
238 190 494 1971
238 151 2831 3754
238 47 25054 38997
238 26 89140 189674
238 25 92547 189514
237 212 1322 1881
237 179 2153 7034
237 124 989 1249
237 111 808 1754
237 120 32635865 43853834
237 55 33558 46020
237 50 53334 75513
237 41 7918 21403
237 25 119129 189514
237 1 9665 13634
236 245 5827 9314
236 219 1200 1758
236 7 9429 17444
236 21 91373 189424
236 31 130903 193249
236 41 11625 21403
236 64 31276 45920
236 142 1675 3960
236 174 1039 1723
236 87 3595 4692
236 117 1414 2692
236 141 1795 2502
236 188 1587 1982
236 67 23710 47847
236 212 1429 1881
235 174 823 1412
235 139 1446 2191
235 162 3222 3985
235 110 997 1423
235 211 982 1798
235 107 781 1408
235 103 20391139 74488592
235 39 125394 203204
235 24 95349 189834
235 10 131478 180860
234 210 650 1588
234 143 1290 2184
234 138 1287 2198
234 198 1063 2078
234 172 4108 5162
234 94 996 1480
234 92 697 1448
234 173 2412 5162
234 82 14158 22630
234 141 842 2191
234 76 35035 49798
234 74 17899 49233
233 246 6409 14408
233 205 490 862
233 6 5448 17163
233 20 47619 185703
233 77 10857 23984
233 80 9502 23919
233 86 1994 4398
233 113 753 1449
233 152 2101 2707
233 160 986 1399
233 201 449 884
233 172 2126 4425
233 227 200 296
233 198 820 1341
233 203 412 884
233 174 389 1412
232 198 344 1009
232 118 471 1291
232 29 62662 194287
232 7 5710 17444
232 94 569 1148
232 27 55354 194043
232 172 2868 4093
232 197 407 562
232 43 13746 25455
232 71 27224 48342
232 41 6810 21403
232 99 966 1318
232 167 376 1030
232 178 3156 5713
231 193 608 751
231 169 905 1230
231 192 628 830
231 153 1328 2374
231 100 612 1098
231 223 127 318
231 41 10753 21403
231 148 1618 2382
231 5 4314 14812
230 246 9379 15516
230 225 82 295
230 2 4031 14624
230 34 69159 194446
230 35 124674 195021
230 152 890 2373
230 36 158718 195963
230 55 34092 45648
230 224 168 337
230 97 823 1443
230 170 2009 4418
230 57 32513 44971
230 173 1519 4092
230 183 292 1032
230 212 351 500
229 241 3666 10600
229 3 11051 14625
229 107 369 1076
229 49 48195 86770
229 88 2694 3542
229 52 40552 76930
229 208 426 1072
229 108 447 1579
229 44 8072 25574
229 131 686 1416
229 54 13954 44742
229 170 3918 4860
229 242 10834 13002
229 155 1009 2797
229 219 607 818
229 190 295 1032
228 16 132266 185011
228 59 14900 44914
228 150 800 1087
228 211 372 447
228 37 55817 202962
228 66 11553 46039
228 67 17929 47475
228 145 1437 2331
228 104 711 1087
228 195 423 650
228 110 538 1090
228 139 722 1057
228 193 486 686
228 164 480 984
227 241 4859 10900
227 233 770 1413
227 198 663 1045
227 196 201 609
227 118 795 1327
227 110 1109 1423
227 238 2264 5670
227 95 1048 1448
227 191 357 613
227 48 63421 86971
227 208 808 1405
227 26 67432 189674
226 72 24664 48354
226 187 480 639
226 70 30500 48231
226 62 29866 45639
226 41 7751 21403
226 29 122576 194287
225 230 1043 1897
225 199 116 255
225 174 670 1080
225 156 1398 2032
225 150 868 1087
225 131 530 679
225 102 38319576 74488260
225 50 51254 75141
225 42 15541 21715
225 77 11151 23784
225 38 94401 203193
225 8 12586 17510
224 218 10 39
224 138 257 790
224 230 853 1956
224 87 1745 4006
224 197 98 224
224 80 15300 23686
224 68 37337 48254
223 231 5613370 8584417
223 157 1088 2011
223 142 1050 2262
223 199 169 234
223 121 222 765
223 97 789 1126
223 163 2882 3496
223 85 2901 4416
222 1 3944 13634
222 11 77640 189412
222 24 122355 189834
222 37 168191 202962
222 244 4920 13212
222 157 922 1990
222 12 53792 189562
222 168 1234 3160
222 23 69553 189834
222 35 98989 195021
222 100 842 1056
222 212 91 163
222 67 31113 47443
222 142 850 2241
222 84 13402 23040
222 160 357 728
221 212 97 141
221 1 3964 13612
221 205 121 170
221 118 764 931
221 18 106721 186300
221 44 11949 25520
221 25 56120 189493
221 90 2126 3746
221 40 18359 28858
221 11 102865 189391
221 127 412 626
221 137 594 1038
221 162 1143 2556
221 164 330 688
221 190 79 231
220 191 64 217
220 64 16311 45494
220 124 515 1227
220 46 11489 38559
220 18 118933 186300
220 28 129719 194128
220 2 9185 14602
219 236 13925709 22818990
219 188 166 224
219 157 509 1951
219 111 721 1029
219 85 2772 4356
219 243 18867982 22825903
219 178 1868 5335
219 126 220 622
219 48 66104 86698
219 229 18596702 22814641
219 177 2533 4327
219 47 15254 38553
219 31 146568 193209
218 224 8188640 22812691
218 205 112 152
218 202 101134 279367
218 190 110 213
218 186 322 642
218 29 91881 194247
218 55 33144 45576
218 36 95000 195924
218 44 10327 25502
218 3 7466 14586
218 61 17101 45626
218 91 691 1178
218 114 2292837 6211095
218 143 442 736
218 105 720 1005
218 19 142329 185764
218 106 563 994
218 153 1010 1996
218 124 882 1209
217 209 218121 278766
217 188 60 224
217 207 410 644
217 142 1594 2202
217 101 31018820 47666170
217 98 484 1237
217 156 634 1951
217 52 20756 76858
217 42 11065 21675
217 31 145436 193209
216 214 7 25
216 188 110 213
216 167 475 642
216 161 1288 1911
216 87 1153 3956
216 121 299 694
216 69 24980 48148
216 209 210624 278755
216 183 236 644
216 66 29059 45956
216 26 58053 189624
215 245 15188080 34155850
215 16 100332 184946
215 107 343 969
215 185 1247 1982
215 17 58099 185641
215 43 13409 25390
215 47 21924 38528
215 186 186 616
215 99 907 1212
215 141 566 718
215 193 187 348
215 167 288 627
215 196 124 170
215 239 15986856 34150202
214 216 7591831 24599006
214 209 175479 278730
214 201 85 138
214 175 3340 4624
214 158 289 663
214 134 3979 4963
214 130 298 681
214 128 394 572
214 81 9274 22347
214 246 20677102 54034621
214 51 31279 75030
213 18 94833 185778
213 31 94970 192705
213 96 189 464
213 200 360871515 631826037
213 22 73847 188305
213 139 178889475 234358272
213 37 101947 202418
213 128 55613623 200483152
213 40 21595 28336
213 43 11902 24912
213 49 37372 86194
213 238 275185804 725545036
213 151 215459558 309573969
213 158 40886370 51294706
212 237 23118229 34146651
212 236 23408194 34146651
212 39 168523 203139
212 221 12871946 25557349
212 60 34786 44817
212 165 1847 3033
212 230 11848181 34142308
212 112 456 621
212 170 1488 3918
212 138 305 627
212 196 48 72
212 222 22715867 34140352
212 32 114007 193550
212 61 37647 45601
212 206 70057 278740
211 235 43323807 54023240
211 193 140 238
211 78 12237 23647
211 65 23060 46083
211 51 34436 75030
211 228 32546577 54018625
211 189 53 90
211 33 95713 192799
211 4 3751 14550
210 205 3 10
210 90 2213 3685
210 123 217 556
210 110 273 867
210 45 10567 38530
210 43 12047 25372
210 234 21154855 58330578
210 130 155 576
210 26 144785 189591
209 217 14544921 36061851
209 155 1344 1935
209 143 402 693
209 140 253 969
209 134 1916 4956
209 216 21825382 29456400
209 125 669 897
209 83 7561 24349
209 63 30054 45433
209 214 3228490 4857393
209 58 12589 44856
209 2 4378 14541
208 191 565742746 730700640
208 82 16954 21465
208 227 385736289 859961060
208 58 23495 44006
208 54 29956 43777
208 38 141293 202261
208 229 284005071 859960804
208 164 154111403 234276358
208 21 105547 188492
207 189 299012278 599091086
207 64 17374 44958
207 217 514149858 707447233
207 126 42145241 137279356
207 35 109580 194463
207 21 130695 188866
207 19 136197 185246
207 244 542750993 730272320
207 10 73851 180302
206 238 33613001 58881978
206 212 15328822 24734305
206 120 20108561 43851934
206 122 344 564
206 44 20779 25459
206 36 131560 195880
206 24 147015 189751
206 99 900 1095
206 8 11132 17427
205 233 17412529 65749972
205 218 25473752 42934218
205 197 23 32
205 178 2307 5182
205 176 2407 3555
205 3 7936 14532
205 133 2541 5112
205 24 48610 189740
205 28 111669 194056
205 210 4237658 7421286
205 36 105651 195870
205 127 356 456
205 66 20364 45913
205 221 23431583 57163905
205 105 576 853
205 171 1676 3573
205 113 257 586
205 116 324 571
205 80 19536 23593
205 138 464 598
204 203 4 10
204 9 72035 180756
204 193 89 210
204 48 65202 86634
204 13 61012 189998
204 39 156248 203100
204 104 324 842
204 51 57393 75001
204 82 12721 22293
204 159 1035 2654
204 101 38251097 47666007
204 2 7381 14520
204 118 515 750
204 120 11376734 43851913
204 186 240 478
204 128 295 445
204 148 796 1840
203 167 306 478
203 233 32852391 92505114
203 155 617 1804
203 143 285 562
203 204 5834143 16198680
203 126 353 448
203 73 40243 48342
203 57 32339 44823
203 110 286 835
203 6 10056 17048
202 218 560604180 707996268
202 195 293248926 604114082
202 151 232224555 309573955
202 100 125 399
202 199 259994258 637468245
202 95 168 417
202 89 2063 3216
202 187 264249232 589281349
202 44 20783 24984
202 171 259446380 475764627
202 28 119187 193592
201 246 60841136 105872624
201 233 69526253 105858258
201 214 30271159 51838045
201 24 79779 189718
201 128 332 434
201 29 161498 194172
201 34 56896 194331
201 164 372 496
201 135 501 1383
201 200 1 3
201 183 165 481
201 152 1141 1822
201 181 2991 4714
201 184 44 72
201 170 2799 3867
201 199 12356072 16198690
200 201 2 3
200 137 638 846
200 133 4139 5090
200 65 36376 46044
200 61 11953 45550
200 28 53085 194035
200 213 9156971 12143862
200 18 139445 186206
200 12 122612 189447
200 75 33739 49021
200 10 104575 180745
199 223 52915804 91630030
199 202 2921046 7330936
199 201 6601835 10556472
199 238 82316075 100220182
199 225 39050827 100213034
199 147 1338 1830
199 135 1122 1383
199 172 1699 3541
199 81 12042 22308
199 79 15759 23607
198 234 437431519 608187998
198 233 442724665 608186107
198 227 464627034 608184693
198 187 126111601 471226028
198 93 795 2494
198 80 7559 23114
198 196 147999052 476249013
198 79 7211 23150
198 56 36397 44505
198 232 287082753 608184516
198 11 129406 188840
198 10 100408 180288
197 240 38724882 116423362
197 232 40804281 116413128
197 205 33884732 50664746
197 12 142505 189436
197 77 12982 23625
197 155 1021 1794
197 18 75370 186195
197 148 1277 1819
197 34 92147 194320
197 224 45667721 116411655
197 50 53542 74983
197 180 3068 4758
197 53 14903 44809
197 56 31307 44952
197 59 19189 44756
197 189 22 39
197 74 23124 48874
196 215 33459138 99426901
196 25 124886 189378
196 51 25291 74968
196 16 153581 184874
196 103 55343515 74487982
196 172 2464 3519
196 27 66140 193906
196 227 51742092 133568788
196 198 1744724 2845168
196 53 14344 44798
196 58 25471 44802
196 97 382 871
196 88 2578 3363
196 166 2146 2943
196 212 67387260 99426786
196 96 527 871
195 228 58949301 133568641
195 13 57129 189966
195 15 121998 185539
195 24 136727 189697
195 59 19673 44745
195 70 32228 48062
195 106 546 799
195 48 40206 86601
195 135 1105 1362
195 148 1139 1808
195 84 6062 22903
195 202 3928823 7330915
195 86 1241 3886
195 183 198 459
194 182 2619 4653
194 175 3240 4447
194 1 7306 13479
194 14 63940 185692
194 21 121634 189270
194 112 243 531
194 36 53368 195808
194 139 168 530
194 48 24757 86583
194 77 14297 23596
194 90 2071 3613
194 91 342 974
194 245 86243983 121449448
194 158 269 486
194 160 145 475
194 163 887 3223
193 231 87873572 133568781
193 228 49720873 133568670
193 215 74947323 99427071
193 123 416 502
193 118 561 717
193 112 149 549
193 204 17708678 57263938
193 178 3567 5139
193 100 309 820
193 211 22391329 79550044
193 55 35470 45478
193 41 15402 21266
193 5 7926 14676
192 231 60171616 133568860
192 79 10397 23586
192 58 28144 44802
192 14 138727 185710
192 72 20302 48184
192 103 46759867 74487982
192 109 312 554
192 125 427 745
192 152 802 1801
192 165 1291 2961
192 153 871 1801
192 179 2809 5080
192 184 17 50
192 186 210 446
191 1 4583 13497
191 227 66327848 133568792
191 53 12425 44798
191 240 97159279 133578849
191 8 6930 17373
191 151 599 1801
191 127 112 412
191 96 594 871
191 49 61607 86601
191 107 508 799
191 152 1473 1801
191 63 32820 45379
191 150 595 810
191 208 1352385 4309161
191 220 100820360 124984138
190 229 87103932 121436601
190 221 52596598 112851648
190 97 249 853
190 13 48920 189948
190 28 128511 193995
190 238 73658123 121441858
190 6 12775 17008
190 35 159703 194866
190 63 19724 45361
190 167 338 439
190 133 3750 5050
190 164 121 457
190 61 28292 45511
190 177 1102 4113
190 44 14980 25387
190 218 25505255 98621960
189 197 6706609 22178479
189 112 236 520
189 207 5397828 7421716
189 103 20336595 74487954
189 211 64643170 84572870
189 94 312 842
189 76 14100 49400
189 69 21670 48033
189 56 23133 44912
189 240 55606549 138601842
189 136 404 526
189 45 10672 38448
189 33 95431 192709
188 236 57630080 138596433
188 217 70523410 115777443
188 216 74071832 109171992
188 219 89166274 115777443
188 141 378 519
188 148 978 1779
188 135 694 1333
188 114 3754253 6210871
187 246 72118181 148416285
187 226 54175431 148402533
187 202 2682062 7330875
187 198 8829487 12654877
187 166 1919 2904
187 126 181 387
187 58 16155 44762
187 104 630 770
187 39 87284 203028
186 204 329622659 555789278
186 218 286471782 609279957
186 192 181617641 498525514
186 170 21403597 41032144
186 167 3 10
186 164 12 28
186 125 24160431 71334548
186 90 1830 3184
186 69 32351 47616
186 54 24954 44126
186 45 10120 38030
186 215 348613962 597952411
186 33 82952 192291
185 215 201426202 449006415
185 154 93677261 118546434
185 121 87 187
185 62 16861 45175
185 51 28130 74673
185 100 426 525
185 48 24798 86306
185 109 119 259
185 44 11011 25110
185 16 90196 184579
185 6 5526 16731
184 246 118270942 166687960
184 201 31066446 60816352
184 244 118466906 166683943
184 192 24685689 33104413
184 107 517 748
184 56 17409 44890
184 48 38964 86551
184 22 96127 188661
184 8 5857 17323
183 216 450740371 708263067
183 195 414669697 604114071
183 2 8464 14055
183 30 80035 193198
183 230 297676143 737683166
183 201 351468125 631826016
183 56 33595 44509
183 22 127236 188280
183 51 26897 74536
183 90 831 3199
183 126 59008221 137279346
183 155 189514345 375777464
183 97 262 439
183 86 1583 3454
183 115 10138756 24737826
183 133 2909 4609
183 159 1021 2162
182 194 19975458 45242588
182 156 105 216
182 114 4955455 6210849
182 109 380 504
182 121 255 459
182 95 577 788
182 56 33036 44890
182 28 89754 193963
182 167 269 406
182 11 115091 189225
182 8 8194 17323
181 107 281 727
181 150 523 738
181 59 25704 44673
181 43 8807 25246
181 178 227 456
181 9 79478 180651
181 201 39499431 95934021
181 175 331 398
181 6 4767 16954
181 144 212 268
181 1 8077 13425
180 174 518 676
180 246 59245461 229861586
180 155 91 168
180 108 227 439
180 197 64537879 113433517
180 67 17436 47180
180 63 31718 45253
180 98 253 915
180 59 36673 44619
180 52 35309 76635
180 47 28208 38330
179 128 117715846 200483127
179 125 32493723 71334562
179 109 32 122
179 100 185 388
179 237 353862125 737693202
179 42 15359 21146
179 40 19470 28311
179 192 280313637 604119769
179 10 117565 180291
178 244 369703323 737699373
178 219 557676266 714874286
178 205 319043537 671940068
178 193 387410191 604119850
178 75 35440 48567
178 28 91642 193581
178 56 12141 44509
178 68 23165 47685
178 181 373703118 535897771
178 94 219 439
178 71 20796 47740
178 79 7733 23154
178 105 166 378
178 232 566464672 737688450
178 116 7966721 24737793
178 23 93763 189265
178 168 315700448 475761270
178 54 16854 44140
178 141 94820476 234358068
177 190 71073990 110908359
177 125 333 608
177 219 107249443 209530320
177 115 296 396
177 244 150833290 232355407
177 101 25446898 47665838
177 38 99371 202920
177 25 101267 189241
177 16 118077 184737
177 2 7802 14350
176 205 96048453 166632705
176 141 77 225
176 131 90 258
176 84 17054 22759
176 65 28625 45878
176 107 255 655
176 55 30209 45334
176 113 232 399
176 48 41843 86457
176 137 380 680
176 59 19193 44601
176 20 140390 185422
175 194 447198179 618750090
175 181 350084097 538396274
175 130 27536233 39361902
175 109 57 111
175 87 2550 3427
175 56 11353 44498
175 214 568398209 686167592
175 45 26581 38034
175 32 89524 193035
175 23 152803 189254
175 7 4498 16864
174 236 643789034 864273162
174 21 57177 188485
174 125 42944261 101569054
174 240 346145321 864278570
174 37 51598 202022
174 180 251638807 634427966
174 15 80666 184736
174 44 11624 24602
174 49 68482 85798
174 92 27 36
174 3 11367 13686
174 235 503512870 864272726
174 225 415824651 864267828
174 233 452260317 864270482
173 230 130284213 242553520
173 149 8115395 14620206
173 142 124 366
173 122 195 358
173 99 727 890
173 234 162904779 242556519
173 78 10805 23434
173 43 10309 25167
173 119 190 680
173 2 9190 14336
172 234 197557561 242556519
172 233 72042679 242554628
172 232 180386191 242553037
172 199 67099726 142338589
172 7 7857 17156
172 152 133 160
172 243 201851630 242563960
172 40 22351 28592
172 196 82702594 108984426
172 91 648 841
172 107 389 648
172 9 69702 180572
172 125 276 594
172 151 83 160
172 129 228 460
172 132 84 240
172 161 44 86
172 166 14 50
171 244 116096332 264472510
171 205 141291131 198713205
171 100 383 658
171 202 2955191 9870906
171 98 378 879
171 108 298 403
171 95 404 676
171 55 34626 45316
171 42 6225 21416
171 29 136988 193988
171 18 55559 186022
171 15 105994 185377
170 240 387326957 740233052
170 17 147493 185119
170 186 108941474 149156908
170 212 561463356 706080992
170 20 137868 185116
170 50 27259 74522
170 79 17655 23136
170 16 59419 184424
170 103 43701686 74487532
170 80 5964 23100
170 138 155522516 226815110
170 229 449718728 740223295
170 201 431437193 634366150
170 230 595175272 740223301
169 241 616929568 864279921
169 231 514512103 864269553
169 155 226348508 491569627
169 149 109050631 181268074
169 96 12676124 20125587
169 93 1059 2127
169 68 15203 47314
169 11 63663 188473
168 143 115 178
168 96 508 687
168 222 210894689 273721123
168 92 284 655
168 89 1269 3453
168 85 3071 4075
168 178 3348121 11797921
168 61 12131 45345
168 51 47249 74785
168 23 51035 189513
168 4 3727 14305
168 2 8344 14304
167 232 263277486 641903858
167 216 478651878 612484243
167 203 380184797 549400335
167 190 272232829 520467734
167 186 5480997 9809737
167 182 240872463 475230516
167 148 215263296 275828502
167 79 18440 23128
167 81 17130 21829
167 55 15668 45021
167 36 72378 195369
167 215 206612297 607762148
167 33 81592 192280
166 196 130666991 172506962
166 187 107196132 157674229
166 19 58282 185466
166 25 94187 189176
166 151 66 110
166 64 34992 45177
166 21 88470 189086
166 79 16755 23384
166 46 26042 38242
166 62 23802 45268
166 107 324 597
166 27 111101 193705
166 172 50978498 63523242
166 88 2088 3162
166 117 181 368
165 212 168302152 318730605
165 13 131929 189746
165 26 137408 189318
165 43 13295 25099
165 69 35720 47842
165 160 175 273
165 62 33740 45250
165 192 133416463 219303824
165 85 1663 4039
165 106 238 579
165 52 29920 76542
165 139 54 150
165 16 57744 184654
165 161 11 18
164 221 182345307 665672360
164 190 460378838 552820712
164 13 121712 189490
164 117 4843395 13981357
164 130 16 46
164 201 161821824 568400169
164 143 175127028 218537242
164 49 38158 86126
164 228 441966328 674256724
164 54 26164 44097
164 83 17065 23820
164 90 1608 3156
164 208 21036726 48572632
164 34 146200 193834
164 92 201 363
164 108 63 90
164 186 18051184 42162715
164 162 155179851 366681920
163 223 501886409 740899408
163 194 319591887 628047702
163 144 61956447 243917689
163 101 25099656 47665503
163 78 10708 23114
163 73 12572 47848
163 148 231857805 292586809
163 70 24931 47590
162 164 35648524 46797123
162 82 13482 22034
162 69 35748 47835
162 90 1227 3404
162 64 19889 45152
162 235 136055848 354378610
162 157 28 39
162 27 53285 193680
162 221 185188223 345789744
162 26 48170 189310
161 216 151274612 332618215
161 165 6123986 9166886
161 156 18 28
161 172 64206280 119486985
161 107 167 561
161 160 113 255
161 95 262 601
161 1 5460 13260
160 241 478797072 721064617
160 233 502551349 721055284
160 10 71579 180230
160 13 67124 189472
160 90 2051 3138
160 116 1857 3694
160 165 175118996 368184462
160 194 301004347 599617569
160 121 21068381 30163968
160 60 18145 44252
160 147 215444953 275828466
160 161 286980135 359017575
160 48 38383 86108
160 106 125 306
160 222 543407813 721052221
159 183 4265217 13302932
159 141 65711365 234358021
159 103 29540663 74487504
159 81 16417 21807
159 75 22030 48520
159 137 4493528 7547031
159 72 18923 47706
159 204 209819810 674680772
159 48 50807 86122
159 8 13519 16894
158 157 142892479 359017593
158 112 1609 3705
158 214 224169412 675937744
158 11 64933 188772
158 89 1774 3133
158 18 131776 185680
158 57 16499 44298
158 48 71033 86097
158 51 39577 74464
158 213 19557412 55711698
158 155 109976777 359017581
158 194 231829615 608520242
158 49 71446 86097
158 78 8251 23082
158 8 11518 16869
158 124 30715947 71334858
158 132 103368135 189726667
157 223 281342987 374288854
157 3 8163 14222
157 5 11463 14409
157 222 244689787 382871799
157 135 149 261
157 30 57453 193364
157 53 15841 44532
157 144 44 74
157 91 301 726
157 97 339 604
157 162 7621653 28499768
157 98 643 775
157 139 65 103
157 158 8083236 11933024
157 219 232853863 360059108
156 225 263031848 382871858
156 154 79 102
156 182 114380449 216198217
156 143 55 96
156 81 12839 22020
156 217 175722075 360059108
156 152 34 45
156 48 46696 86335
156 161 7559023 20835441
156 5 11970 14409
155 246 242280494 382888249
155 229 273168708 382873785
155 158 6834530 11933024
155 197 167929873 266460180
155 27 53360 193640
155 183 15868033 20966766
155 62 29727 45204
155 65 34657 45756
155 169 3411973 10172356
155 108 97 298
155 2 9404 14221
155 147 6 25
155 203 150297327 290369785
155 116 142 234
155 209 153407632 324455497
155 6 8510 16760
155 180 80699710 153030320
154 239 157223367 382881775
154 156 46 165
154 51 21030 74702
154 185 14753469 18271714
154 120 19067774 43851586
154 55 16245 45212
154 29 134126 193884
154 73 36384 48054
154 21 98804 189021
154 9 63069 180457
153 239 156346747 449085165
153 231 258243959 449076828
153 218 264794015 426262664
153 192 260137573 315508221
153 131 59 90
153 130 77 237
153 110 387 529
153 63 13691 45094
153 42 6530 21294
153 238 286228973 449082562
153 17 123839 185284
152 240 188814519 449087062
152 233 341981386 449078419
152 192 107292566 315508221
152 230 333833961 449077311
152 201 254744979 343220161
152 172 75879143 206525983
152 38 153653 202772
152 41 14412 20982
152 49 52951 86317
152 191 165246952 315508219
152 75 13091 48715
152 24 49258 189412
152 140 321 532
152 91 178 708
152 156 32237874 66203556
152 94 365 586
152 71 24806 47888
152 100 265 536
152 147 5 7
152 150 301 525
151 238 243696764 449082562
151 213 24452406 33110128
151 202 10423297 28297203
151 142 149 205
151 191 235215724 315508219
151 113 154 259
151 166 115793218 143002741
151 88 1256 3079
151 172 171740995 206525983
151 29 117402 193866
151 54 26191 44288
151 15 63255 185254
150 225 539807621 874439778
150 181 206974722 672655873
150 191 260991003 740872582
150 152 242783994 425366100
150 139 295248836 368074873
150 110 2193 3328
150 80 13478 22740
150 29 51246 193340
150 14 75705 184900
150 228 615947577 874441006
150 7 6170 16497
149 173 263339822 499335826
149 169 17483579 44264101
149 76 40306 48918
149 60 34158 44234
149 58 23133 44290
149 137 3482351 7546999
149 33 133701 192226
149 12 51281 188914
149 67 13379 46795
149 2 4561 13976
148 244 379051756 466073358
148 204 190868258 389757591
148 195 178961373 332493823
148 167 64994495 99985507
148 163 3313219 9167084
148 13 127445 189674
148 131 50 82
148 106 145 507
148 188 93194984 327470827
148 14 94627 185419
148 43 13859 25027
148 231 377914472 466062434
148 28 52420 193722
148 86 2915 3595
148 87 1382 3578
148 197 145145669 349649306
148 139 41 50
148 114 3502118 6210608
148 11 147467 188984
148 40 10175 28452
148 127 26 93
147 155 29687553 83189126
147 152 8223377 16985606
147 140 429 525
147 199 145689197 365847986
147 160 16022532 20835672
147 69 29958 47770
147 32 115873 193186
147 124 648 820
147 20 80638 185275
147 41 14334 20974
147 15 49692 185247
147 13 145240 189674
147 5 7267 14384
146 138 14 43
146 121 74 176
146 93 1329 2944
146 28 67503 193707
145 228 382938176 501419689
145 137 276 518
145 43 7682 25012
145 41 11873 20960
145 21 66395 188982
145 71 24365 47866
145 19 96795 185361
144 163 4543058 9167062
144 157 65480787 131858282
144 181 174896165 312944523
144 116 74 187
144 113 98 230
144 132 38 50
144 80 7364 23236
144 68 20447 47804
144 60 18012 44432
144 32 57005 193165
144 104 177 496
144 13 142226 189652
144 5 7887 14362
143 241 148878772 523363065
143 234 369205535 523355624
143 89 1459 3302
143 22 119588 188377
143 41 16107 20931
143 56 26291 44606
143 95 333 504
143 75 17700 48664
143 218 209118871 500537978
143 11 91302 188941
143 156 49150134 140480403
143 164 24674082 67632486
143 203 260977431 430848619
143 168 189602005 249632566
143 209 159215922 464934331
142 222 554831737 758647753
142 217 403430755 735835062
142 173 171224265 516098380
142 151 159481699 309572397
142 236 463563395 758654052
142 223 262800425 750064808
142 93 1927 2761
142 129 13858579 24742208
142 77 7570 23125
141 68 26303 47775
141 64 30393 45037
141 29 133659 193808
141 116 126 158
141 85 1703 3916
141 234 347943261 532915306
141 176 183149892 300534463
141 215 283091020 498770114
141 127 26 43
141 132 10 21
141 134 19848 30823
141 236 197296422 532916650
141 178 13021513 29586782
141 159 9468343 16286617
141 188 172990691 394320217
140 209 330626208 833008987
140 147 221028016 425366100
140 115 91755401 152019951
140 111 1059 3676
140 90 2122 2814
140 120 132761500 173405548
140 81 8353 21469
140 152 227979810 442351706
140 113 104778049 134999944
140 61 36232 44712
140 6 4230 16209
139 228 239588271 532911712
139 2 9940 14145
139 15 53763 185197
139 7 9063 16965
139 29 115839 193808
139 30 151353 193288
139 150 11692105 26545771
139 34 115903 193968
139 51 60047 74626
139 235 394953037 532916215
139 148 34870256 66850923
139 213 27636955 41730680
139 157 49433736 150040086
139 194 203679446 411475700
139 165 72286843 180042414
138 234 432861141 540458246
138 212 406586271 506312938
138 205 189495499 474706382
138 170 13102621 27050883
138 112 61 172
138 67 23058 46957
138 136 0 0
138 58 17477 44452
138 224 274277255 540453291
138 146 25877697 39036496
138 42 10063 21229
138 31 83433 192763
138 22 156794 188362
137 221 734660433 892402004
137 200 215853707 795129810
137 241 740228003 900996498
137 176 539736676 668609298
137 149 125011448 181268053
137 73 19342 47496
137 66 17364 45045
137 145 235521438 399568416
137 54 11260 43748
137 159 58025252 157550004
137 3 10756 13664
136 244 196252200 540465687
136 189 268216399 401863156
136 138 0 0
136 133 14876 30811
136 68 35742 47768
136 93 2085 2901
136 67 18085 46957
136 50 60631 74623
136 30 124697 193281
135 20 90773 185066
135 241 309989981 767250813
135 31 48396 192612
135 60 11579 44245
135 89 1572 3136
135 102 54238535 74487482
135 91 193 492
135 195 282496549 633671278
135 157 109086110 384367395
135 246 248088896 767254831
135 188 171934835 628648282
135 201 542545708 661383223
135 199 368436202 667025442
135 243 258905489 767250813
134 141 66579166 234357999
134 209 479465540 708825621
134 131 128393370 215107146
134 214 441657975 713224810
134 97 160 370
134 44 11354 24904
134 16 59905 184374
133 205 260844064 701495320
133 200 520566179 661387032
133 190 502693344 645807578
133 183 9957872 29561019
133 129 15483034 24742197
133 90 1741 3130
133 67 16083 46806
133 61 31863 45028
133 17 124842 185068
133 136 153915410 226815060
133 84 16778 22402
133 6 10052 16526
132 172 229569842 309613377
132 144 21202648 37432668
132 114 1871497 6210536
132 158 7259133 11932927
132 28 133033 193650
132 12 57850 189062
132 141 11831817 19250864
132 11 86623 188912
131 229 344610856 566140647
131 153 79633497 117065054
131 134 6828414 14008461
131 13 115938 189591
131 65 33185 45648
131 23 126548 189322
131 49 23253 86227
131 62 12636 45096
131 29 111287 193776
131 101 25455256 47665600
131 43 13625 24944
131 57 12960 44427
131 225 404920435 566138756
131 80 19036 23175
131 93 753 2876
131 148 61964379 100079448
131 119 273 457
131 176 235746996 333762987
131 118 3980684 13977807
130 241 197758128 741900058
130 210 295648005 683562039
130 214 415707831 687870513
130 175 25094060 41069389
130 117 6603612 13981310
130 164 46852090 67632298
130 34 157995 193788
130 22 134395 188190
130 153 240930931 292814043
130 36 141663 195304
130 10 94502 180201
129 172 293972285 513959700
129 133 4558411 14011989
129 118 7846147 13981340
129 101 28866395 47665446
129 93 1893 2401
129 87 2055 3340
129 142 9247492 22603461
129 77 12617 23085
129 76 25274 48900
129 56 26471 44412
129 13 145095 189436
128 13 99528 189580
128 37 69501 202440
128 53 30567 44413
128 213 29864325 55708129
128 68 33713 47732
128 109 114 169
128 122 71 97
128 123 68 90
128 201 296187381 474907590
128 214 252026199 526745635
128 127 0 0
128 63 12500 44994
128 92 285 453
128 179 11280434 43564425
128 204 367945001 504459414
127 205 410421039 515015875
127 191 310016480 447195648
127 148 92890831 114703534
127 95 201 453
127 221 432394422 572179780
127 91 175 607
127 141 19362707 47852611
127 128 0 0
127 24 126787 189312
127 73 22944 47935
127 21 110055 188902
127 3 8935 14103
58 208 29571829 60884390
58 209 223053208 862427371
58 196 427569770 787276662
58 192 641431744 787276666
58 138 232817643 380390712
58 187 422113131 772443928
58 122 142693402 194495979
58 149 145336752 193580160
58 110 663470 1272048
58 29 52772 191137
57 230 309850127 920845530
57 203 539059187 828341750
57 131 275942806 354705127
57 97 10026782 32441934
57 158 92583090 190888906
57 80 16487 65288
57 15 114766 182526
57 3 10956 13512
56 238 766309320 920849869
56 198 137633803 312660896
56 17 94462 182556
56 175 142522197 180663843
56 113 105831787 147312183
56 178 72691727 183162415
56 189 383216908 782253805
56 129 100505956 164336630
56 143 289373719 397493473
56 124 42209876 71334411
56 182 262225569 754172070
56 183 83354508 183162753
56 97 23185120 32442073
56 184 459522614 754172392
56 197 556237170 804432284
55 230 687454556 920846485
55 218 525834395 898031973
55 176 255264986 688469046
55 237 726030672 920849776
55 120 86722904 185718603
55 118 77933872 153576618
55 171 495294540 656388546
55 67 11088 19282
55 193 433106410 787277629
55 167 113787749 278942370
55 154 268728707 537974587
55 11 74473 188310
54 229 604506580 920849996
54 208 41715864 60889292
54 27 107812 190886
54 137 10655005 19863694
54 75 24761 38574
54 43 10249 20548
54 101 38538119 66487400
54 186 166251149 288756054
54 99 10667501 42551830
54 151 380682144 471775083
54 19 56083 182647
54 77 41975 69267
54 164 189598371 246593338
54 59 2131 6044
54 117 103125228 153580527
54 178 48781972 183167178
54 120 77467053 185722550
53 191 407334051 787281710
53 196 281334218 787281708
53 157 301542783 537978759
53 128 216613259 340086086
53 124 58965307 71334408
53 45 7748 12646
53 197 250946252 804437191
53 28 88798 190993
53 15 80647 182518
53 94 5649271 21399345
53 3 5391 13504
52 180 563775596 691027381
52 217 232859117 898054401
52 165 327500629 567999424
52 229 574141134 920868477
52 86 55955 104326
52 85 55319 104428
52 75 47581 59424
52 68 28853 47982
52 43 16369 20467
52 119 3565005 12339236
52 15 97914 182490
51 242 568726808 920887904
51 196 226050616 787308733
51 4 6900 13461
51 7 4221 16280
51 19 75753 182604
51 240 590595117 920885744
51 211 319122857 866858607
51 37 77030 199113
51 104 55635985 92020039
51 204 470294511 844572501
51 117 111667206 153607696
51 112 102184595 139630074
51 158 113253541 190920978
51 139 125985949 387965722
51 168 524655091 647157948
51 154 387221971 538005703
51 183 114322198 183194685
51 243 410162366 920885745
51 214 333181618 866858631
51 185 203887928 437730955
50 237 610592715 920881030
50 225 348992515 920875968
50 197 297098430 804464354
50 136 288554429 380422921
50 85 91903 113254
50 61 12690 42902
50 35 55473 191169
50 125 33284551 113913349
50 34 122024 190594
50 170 146969232 180658593
50 14 108606 182643
49 213 87371387 195351892
49 174 21511938 56621929
49 229 613697810 920890992
49 164 166859727 246634334
49 158 151440545 190934804
49 191 611586425 787322562
49 152 335223593 471816079
49 104 59107985 92033865
49 97 9090716 32487831
49 131 165331963 354751024
49 66 47881 60384
48 227 521628453 920891115
48 219 636849280 898076916
48 204 427300057 844586328
48 32 153031 189763
48 81 70014 114609
48 120 114906718 185763546
48 159 57861039 169908008
48 83 71862 115300
48 185 183585978 437744781
48 156 359991937 538019611
48 195 526143171 787322559
48 158 59854927 190934804
48 184 436362167 754218151
48 160 100427475 199837477
48 176 275542876 688513988
48 194 473094873 799455046
47 238 437221128 920903868
47 215 511592143 886757610
47 246 248015981 920911798
47 90 110348 135610
47 126 162450446 276931396
47 87 82860 135370
47 86 37040 135081
47 62 19975 66562
47 219 562734160 898085156
47 180 394357839 691058136
47 24 112270 186608
46 220 282293540 912317630
46 166 248998854 614829823
46 113 69701964 147368968
46 119 9839939 12372777
46 106 83199572 107952656
46 95 8199088 12373306
46 70 31136 102150
46 40 9947 24993
46 32 144836 189728
46 13 156587 188913
45 189 312857575 782311064
45 186 144928708 288808550
45 118 54793931 153633061
45 53 20299 71212
45 113 94137832 147369442
45 22 126723 185610
45 18 99761 183082
45 10 120913 179656
45 175 107830386 180721102
45 6 10720 15962
45 210 553014566 862575576
45 2 8885 13420
44 229 673728668 920884922
44 218 587570349 898070846
44 1 4547 12430
44 206 472259584 862467175
44 61 27421 83386
44 100 34199382 42586794
44 70 73612 99084
44 174 28932828 56615859
44 85 55546 120871
44 124 24870260 71334368
44 202 102783021 190532898
44 94 12467754 21434127
44 185 293127210 437738712
44 104 27125689 92027796
44 221 406176102 912300534
44 134 109495991 153646144
44 190 458460619 799448977
43 240 692013837 920892688
43 52 47967 74344
43 54 20489 78307
43 232 293337882 920883895
43 145 205260112 419466331
43 103 36494076 75982996
43 210 465598516 862557300
43 94 12763058 21433422
43 181 556491434 719099077
43 131 153815974 354744249
43 148 174619523 454823697
43 213 161410458 195345117
43 165 377888034 568015164
43 173 375758029 678335263
43 215 592045756 886742594
42 179 52887455 183201414
42 153 201391648 471809304
42 138 305748502 380429834
42 225 649693559 920882832
42 95 9999310 12355504
42 171 531783700 656426713
42 93 470981 1309962
42 217 642216397 898070140
42 74 68140 110503
42 37 55067 199075
41 237 709142198 920888097
41 236 269666173 920888097
41 100 31396931 42586348
41 126 186849222 276916641
41 152 313699772 471809564
41 101 43271434 66521881
41 231 637333412 920884155
41 21 126667 185940
41 108 45518837 135320674
41 147 258472021 454823958
41 143 315368029 397532716
41 193 282692044 787316056
41 145 163061178 419466591
41 232 748025746 920884155
41 226 582119097 920885264
40 221 737712390 912467089
40 244 483502258 921059750
40 179 101686502 183368674
40 172 378242327 678502524
40 213 132715356 195512378
40 148 341348518 454990958
40 119 6813084 12522236
40 97 13158250 32648317
40 84 101443 288404
40 46 105629 187796
40 14 117730 181009
39 241 472172109 921060276
39 212 352098927 886910356
39 204 626101366 844747339
39 2 9540 13741
39 235 449279301 921055363
39 3 6098 13742
39 81 112159 288313
39 22 7286 20559
39 26 14150 20006
39 4 11252 13722
39 33 4613 18120
39 62 166106 256644
39 101 19563270 66689407
39 240 247121330 921060274
39 66 83961 259935
39 74 122002 279592
39 103 50040548 76150783
39 187 199435029 772650837
38 225 340630670 921050642
38 208 23514473 61091299
38 177 491865558 688712319
38 124 32304569 71334706
38 94 17261123 21601208
38 152 380769525 471977090
38 61 124995 256633
38 14 3609 6974
38 5 11032 13909
37 228 535001221 921052122
37 2 4833 13737
37 31 925 2259
37 174 24362225 56783191
37 213 97937569 195513154
37 13 10097 25528
37 42 62795 184861
37 51 67122 232368
37 6 4160 5742
37 64 143326 256906
37 66 184189 260186
37 222 508732540 921050869
37 121 70273649 194703139
37 244 714030152 921060526
37 128 98593435 340288200
36 230 628710413 921052639
36 19 3205 6076
36 84 182861 289155
36 25 3742 6684
36 194 420619916 799616283
36 66 216499 260161
36 87 189441 288374
36 130 76105797 179163272
36 167 122250486 279148549
36 3 7227 13713
36 90 196083 288614
36 206 292873712 862634481
36 205 574024540 855304026
36 218 635732322 898238152
35 222 284897718 921051778
35 207 126131520 190791969
35 242 512002612 921063595
35 190 576666195 799617218
35 81 130704 289473
35 230 350912688 921053574
35 61 161164 257793
35 50 74832 233139
35 18 3036 7372
34 201 276115246 815197394
34 197 507190798 804640933
34 230 677312356 921054292
34 139 233257215 388142439
34 130 130099661 179164926
34 164 168859177 246797224
34 99 18623992 42755716
34 50 167770 233858
33 211 419934956 867036182
33 189 633944052 782463312
33 149 68429480 193789806
33 114 85947516 170752064
33 112 91248807 139807648
33 93 446027 1480485
33 66 87730 262672
33 167 149937097 279151060
33 63 156964 259393
33 39 10417 31186
33 186 118944519 288960798
33 4 11234 13678
32 175 57345051 180874066
32 144 301134796 406325817
32 212 313432422 886913810
32 147 211969709 454994937
32 82 149932 291741
32 243 741186404 921063729
32 74 159033 283046
32 48 72031 234382
32 46 82204 191775
32 5 11196 13866
31 236 647670116 921059414
31 217 610693207 898241918
31 213 150362001 195516895
31 135 120971022 153817242
31 138 117916575 380601612
31 112 36821421 139808902
31 60 137897 256057
31 219 727922637 898241918
31 37 10164 15712
31 27 1920 4050
31 17 3559 6334
30 183 71881312 183374227
30 157 227424786 538185326
30 139 125297979 388145264
30 136 231944363 380602324
30 108 104721648 135492904
30 101 25482251 66694111
30 67 216643 274429
30 241 586118844 921064980
30 20 2948 4258
29 201 501641898 815200738
29 61 189604 262443
29 232 568191709 921056929
29 58 118496 257294
29 87 108029 293434
29 226 364491190 921058038
29 139 286479670 388145784
29 171 185505903 656599723
29 76 148695 285927
29 141 218810517 388145784
29 67 141664 274948
29 154 350253809 538185764
29 94 9407714 21606432
29 218 282831777 898243150
29 131 123076146 354917259
29 150 31296565 46616214
29 151 205196184 471982314
12 243 749674939 921077467
12 222 523089514 921067809
12 239 360661181 921075694
12 200 346696152 815212702
12 149 142078961 193804260
12 197 285895630 804656245
12 132 243199297 368906887
12 78 210861 306384
11 222 349770302 921067809
11 221 266815547 912484806
11 1 9459 12615
11 14 18878 30848
11 79 98032 306642
11 7 7299 16335
11 28 29631 41926
11 132 289657449 368906887
11 158 80494599 191113006
11 55 186224 271232
11 143 185306926 397717434
11 198 231076484 312884857
11 169 16206179 56799994
11 182 254030494 754396030
11 148 170851010 455008675
10 235 613900766 921072513
10 207 108933640 190807959
10 22 9080 22545
10 74 128883 298603
10 45 121472 207915
10 83 106724 308079
10 200 648837992 815212662
10 95 6383855 12540441
10 160 116800416 200015638
10 105 43991631 92212027
10 118 69709836 153799722
10 130 117663959 179180197
10 179 57449434 183386350
10 111 892091 1496462
10 198 116231707 312884816
9 240 754971281 921077425
9 204 638626434 844764489
9 181 181370411 719284014
9 154 285291149 538197691
9 89 247683 306073
9 83 186256 308079
9 14 9701 18265
9 8 374 585
9 172 315306785 678520200
9 3 9398 11674
8 244 379059600 921076950
8 239 328407278 921075177
8 225 763194423 921067316
8 206 701291652 862650930
8 182 365983624 754395513
8 159 125471960 170085693
8 184 336679292 754395836
8 158 138686862 191112489
8 92 1071560 1492330
8 191 645329058 787500247
8 9 72666 163456
7 236 379024798 921072074
7 175 144975159 180887264
7 139 167474510 388157211
7 126 69314669 277100818
7 150 21828795 46627641
7 98 11394651 42770488
7 51 201030 251391
7 232 478472809 921068356
7 11 149948 187764
7 172 336360813 678519700
7 3 6994 11182
6 233 360002969 921069770
6 203 388410271 828565310
6 185 243986698 437922444
6 155 421785228 538197261
6 140 11262200 29642035
6 133 72201890 153829872
6 21 122429 186145
6 73 216625 292190
6 37 75576 207980
6 190 636281122 799632709
6 45 98857 207418
6 100 18104301 42770526
6 71 137676 292042
6 246 431533264 921080918
6 72 100185 292054
6 22 101063 186092
6 80 230389 306836
6 91 983368 1492308
6 181 491597475 719283514
6 123 111711521 205766644
6 94 9061705 21617859
6 96 6292316 21617859
5 243 648699075 921076930
5 193 453893535 787500237
5 156 397429734 538197277
5 147 281387038 455008138
5 98 20727379 42770492
5 231 241105696 921068360
5 75 197441 298240
5 38 123566 218944
5 32 91922 206506
5 157 344445490 538197277
5 144 149154458 406339018
5 27 100040 204234
5 21 122437 198268
4 211 272207298 867050090
4 117 101347230 153799179
4 39 57184 218946
4 33 140556 206473
4 168 240330147 647349430
4 51 132369 251385
4 25 105946 199184
3 229 250419426 921068623
3 205 270412942 855320445
3 174 37994809 56799585
3 20 134853 194235
3 137 10797318 20082346
3 9 138305 177404
3 7 9633 13995
3 36 140596 211510
3 127 204569273 340304594
3 39 105885 218966
3 157 369538745 538197267
3 57 146766 270752
3 218 368212094 898254572
3 73 90965 292184
3 53 211142 265825
3 82 194372 305544
3 110 1081816 1495602
2 245 731015920 921079076
2 230 569101041 921069055
2 209 493691504 862650921
2 204 525157697 844763980
2 183 112293500 183386164
2 177 208254315 688728961
2 149 107117848 193803710
2 168 514749510 647349427
2 139 199668916 388157202
2 121 102843748 194719530
2 18 109423 194179
2 20 144830 194232
2 173 275009930 678519691
2 115 132389744 164555601
2 155 327467522 538197252
2 39 107715 218962
2 45 89314 207406
2 220 347160525 912484256
2 104 62213062 92211518
2 75 222173 298227
2 101 54369966 66706048
2 82 168359 305540
2 37 130017 218505
2 95 5987788 12539932
2 94 16604396 21617850
2 113 63366868 147535594
1 237 241614979 921072046
1 222 402962819 921067242
1 194 446351967 799632681
1 221 652085421 912484238
1 76 107414 298639
1 93 667481 1494372
1 15 125761 193818
1 44 108309 207409
1 96 12165899 21617832
1 161 437914909 559032687
1 62 229226 275890
1 95 8077319 12539914
1 11 117938 187826
1 98 31692567 42770461
1 181 595612620 719283487
1 104 58803463 92211500
1 191 581568586 787500196
0 246 532911432 0
0 245 593451705 0
0 244 713088166 0
0 243 636035224 0
0 242 494687935 0
0 241 348500995 0
0 240 307309893 0
0 239 650316397 0
0 238 741551453 0
0 237 637179708 0
0 236 329707458 0
0 235 496340299 0
0 234 713542793 0
0 233 680861333 0
0 232 551548978 0
0 231 762897377 0
0 230 279546147 0
0 229 534216894 0
0 228 481695376 0
0 227 412366481 0
0 226 682632048 0
0 225 734200766 0
0 224 486695977 0
0 223 734392826 0
0 222 247717938 0
0 221 463966399 0
0 220 364564753 0
0 219 305036416 0
0 218 504545424 0
0 217 446784400 0
0 216 436228638 0
0 215 600342313 0
0 214 566204023 0
0 213 77584184 0
0 212 285826155 0
0 211 589836361 0
0 210 227116347 0
0 209 635880342 0
0 208 42219099 0
0 207 85235357 0
0 206 622918533 0
0 205 464577852 0
0 204 369977714 0
0 203 681278246 0
0 202 125979086 0
0 201 575383690 0
0 200 337181284 0
0 199 529431705 0
0 198 85051204 0
0 197 252780670 0
0 196 435269100 0
0 195 495497659 0
0 194 652150125 0
0 193 202808738 0
0 192 636353418 0
0 191 272528618 0
0 190 264911521 0
0 189 547082797 0
0 188 497421448 0
0 187 552906727 0
0 186 236869751 0
0 185 137681251 0
0 184 580404865 0
0 183 146357339 0
0 182 331876585 0
0 181 584430552 0
0 180 561412447 0
0 179 131463129 0
0 178 103725500 0
0 177 494165320 0
0 176 321239622 0
0 175 120658211 0
0 174 37723453 0
0 173 402911612 0
0 172 178498722 0
0 171 169438817 0
0 170 61855581 0
0 169 44088106 0
0 168 179933251 0
0 167 110599948 0
0 166 473833884 0
0 165 211747813 0
0 164 69221822 0
0 163 49202778 0
0 162 189597874 0
0 161 427978828 0
0 160 76870858 0
0 159 87236459 0
0 158 121792848 0
0 157 429532747 0
0 156 213281261 0
0 155 369917464 0
0 154 421436427 0
0 153 135545188 0
0 152 204321913 0
0 151 141654006 0
0 150 34545925 0
0 149 154846250 0
0 148 189800183 0
0 147 269840114 0
0 146 193713857 0
0 145 208237353 0
0 144 179778090 0
0 143 132283954 0
0 142 61774950 0
0 141 223629709 0
0 140 23174439 0
0 139 315584487 0
0 138 183378063 0
0 137 5523479 0
0 136 233750621 0
0 135 109368381 0
0 134 98663212 0
0 133 44912886 0
0 132 243274601 0
0 131 280417336 0
0 130 104857769 0
0 129 58571748 0
0 128 215071288 0
0 59 216455 0
0 58 113745 0
0 57 76319 0
0 56 205472 0
0 55 154378 0
0 54 194985 0
0 53 207237 0
0 52 199059 0
0 51 160178 0
0 50 187283 0
0 49 126001 0
0 48 129717 0
0 47 68477 0
0 46 117922 0
0 45 126138 0
0 44 50429 0
0 43 137373 0
0 42 71894 0
0 41 59738 0
0 40 11557 0
0 39 132525 0
0 38 97799 0
0 37 143717 0
0 36 146418 0
0 35 86549 0
0 34 133438 0
0 33 58503 0
0 32 128063 0
0 31 170807 0
0 30 80972 0
0 13 71031 0
0 12 119064 0
0 11 147091 0
0 10 55089 0
0 9 92689 0
0 8 3239 0
0 7 4459 0
0 6 3693 0
0 5 2627 0
0 4 6780 0
0 3 3159 0
0 2 4095 0
0 1 6538 0
0 14 107317 0
0 15 157402 0
0 16 58651 0
0 17 62665 0
0 18 140583 0
0 19 115649 0
0 20 137586 0
0 21 60671 0
0 22 98601 0
0 23 66147 0
0 24 129418 0
0 25 53900 0
0 26 79780 0
0 27 124287 0
0 28 107084 0
0 29 133287 0
0 60 148300 0
0 61 132650 0
0 62 211189 0
0 63 201168 0
0 64 150759 0
0 65 79087 0
0 66 107226 0
0 67 147503 0
0 68 185722 0
0 69 107296 0
0 70 213662 0
0 71 154599 0
0 72 201318 0
0 73 71204 0
0 74 179816 0
0 75 84338 0
0 76 207977 0
0 77 219100 0
0 78 164279 0
0 79 88407 0
0 80 99689 0
0 81 173816 0
0 82 135095 0
0 83 164533 0
0 84 237716 0
0 85 97432 0
0 86 230309 0
0 87 220474 0
0 88 231525 0
0 89 174538 0
0 90 232380 0
0 91 910766 0
0 92 941986 0
0 93 1054006 0
0 94 7551403 0
0 95 8917914 0
0 96 16367851 0
0 97 17892801 0
0 98 19712180 0
0 99 30060847 0
0 100 17243228 0
0 101 24809180 0
0 102 57394216 0
0 103 54347563 0
0 104 60426899 0
0 105 38191139 0
0 106 30085014 0
0 107 58722652 0
0 108 63025000 0
0 109 43417925 0
0 110 668331 0
0 111 786480 0
0 112 77117929 0
0 113 88004525 0
0 114 106290792 0
0 115 94943231 0
0 116 87305066 0
0 117 92348612 0
0 118 63155645 0
0 119 7647029 0
0 120 110367351 0
0 121 150444157 0
0 122 67642499 0
0 123 136337179 0
0 124 48561714 0
0 125 31943854 0
0 126 118548718 0
0 127 131235894 0
13 204 255495646 844764345
13 195 648161258 787500577
13 37 21925 55183
13 128 100034099 340304955
13 46 146469 207964
13 92 754250 1492663
13 144 291089800 406339370
13 129 66173368 164560406
13 147 127149972 455008490
13 131 133960881 354929042
13 160 100061158 200015494
13 148 160685099 455008490
13 164 166237601 246812352
13 190 389823254 799633064
13 165 393285165 568199956
14 194 611306727 799625584
14 100 20764291 42763401
14 113 70171365 147528480
14 50 145582 242092
14 9 2125 3793
14 38 14462 33847
14 11 19771 24888
14 40 24963 34094
14 80 154351 298398
14 117 52914960 153792061
14 148 156300283 455001010
14 150 28857711 46620517
14 105 72762885 92204403
14 192 230884139 787493102
15 195 472633142 787492922
15 174 28894590 56792292
15 171 202503117 656603851
15 151 314363539 471986442
15 1 4634 12643
15 53 70279 256495
15 16 288 702
15 20 1553 2168
15 57 143705 261422
15 63 83606 266594
15 83 224497 298968
15 112 55739525 139814263
15 96 16456065 21610560
15 125 84620410 114097400
15 52 86675 252579
15 139 308283845 388149912
15 147 335499530 455000835
16 215 624816414 886919732
16 196 445449692 787492922
16 15 610 1366
16 27 9102 14870
16 228 500277325 921061222
16 170 141794000 180842644
16 71 108842 283430
16 77 237449 296671
16 81 141433 297806
16 185 148450832 437915144
16 111 842759 1488663
16 97 25164577 32658194
16 126 72139422 277093519
16 165 279847757 568192302
16 134 82108811 153822577
16 177 259613199 688721671
17 215 470396510 886919736
17 170 146748728 180842648
17 153 196131660 471986445
17 133 108490757 153822576
17 104 29779412 92204232
17 89 150600 297808
17 56 126997 261422
17 31 9854 19242
17 246 233564278 921073618
17 25 3551 9747
18 221 619331643 912476973
18 220 348148659 912476973
18 213 121054497 195522262
18 200 523427936 815204870
18 45 116154 198088
18 35 18488 24271
18 197 289545652 804648412
18 171 298377663 656603858
18 158 145475633 191105174
18 119 9467360 12532120
18 2 10389 13636
19 122 87930774 194711533
19 87 178709 296856
19 92 1104083 1484301
19 79 170637 296769
19 60 85916 260715
19 145 269788490 419642762
19 106 59444655 108111285
19 54 109617 255782
19 207 101218274 190799454
19 51 106590 241348
19 218 274357623 898246572
19 166 186373076 614988452
19 36 6803 24655
20 244 432905016 921068920
20 242 363479716 921071079
20 15 511 1434
20 3 9554 13638
20 75 106521 288919
20 87 188983 296856
20 111 793910 1487956
20 2 7679 13636
20 147 365655768 455000128
20 176 228322927 688683644
20 118 76421957 153791216
20 170 54836586 180841938
20 135 108043916 153821895
20 30 8119 16263
20 233 526463897 921061764
21 6 3061 4064
21 41 116906 192424
21 106 64908369 108110686
21 174 32306116 56790986
21 145 255115720 419642163
21 5 5888 13833
21 208 24677078 61099345
21 127 229414459 340295995
21 166 333693206 614987853
21 241 515022340 921068322
21 154 245611059 538188586
21 194 555617182 799624104
21 236 539156304 921063469
21 91 789976 1483702
21 207 140130434 190798855
22 6 2748 4064
22 45 75077 196252
22 104 55319470 92202399
22 130 48148183 179170569
22 143 140286649 397707765
22 82 185979 295952
22 102 34102575 76158306
22 124 58543903 71334667
22 138 167421001 380605143
22 183 131539046 183377046
22 213 92981150 195520426
22 10 1798 3715
22 39 13574 42438
22 184 606912495 754386685
23 178 65020188 183376714
23 168 458861164 647340315
23 116 61769286 164550145
23 91 619763 1483186
23 175 63045879 180878143
23 71 104307 281608
23 222 558468978 921058148
23 131 226838413 354919566
23 66 181225 268052
24 235 349981599 921062893
24 222 264058969 921058148
24 201 677710457 815203045
24 195 250356335 787491100
24 152 295910460 471984620
24 205 679489213 855311330
24 127 146496925 340295479
24 124 33176995 71334667
24 206 431029107 862641786
24 115 102359680 164546490
24 112 38873294 139812441
24 47 118403 199250
25 237 482388767 921062641
25 221 411679300 912474832
25 177 410335696 688719537
25 196 419274496 787490788
25 92 912871 1482874
25 87 88031 295429
25 83 172101 296834
25 166 357702344 614987025
25 36 13218 20125
25 238 718705697 921063549
25 108 108153672 135495418
25 17 3098 3801
25 4 8689 13653
26 238 395467426 921062952
26 210 462513398 862731706
26 165 207694873 568189570
26 227 753070245 921058676
26 162 291172123 566687011
26 97 19778611 32655463
26 68 205091 279363
26 216 304784630 891639096
26 60 142074 258691
26 78 78051 294487
26 39 21029 40156
27 245 516203364 921069069
27 5 8682 13855
27 31 3031 5899
27 16 2471 3121
27 54 107563 253772
27 64 193849 263877
27 155 354499182 538187245
27 78 76524 294501
27 99 30688700 42760472
27 104 34466412 92201511
27 162 236391981 566687025
27 166 456192677 614986442
27 196 309433237 787490205
27 232 281554738 921058340
28 220 261240471 912473557
28 205 237078485 855309742
28 11 15291 24942
28 53 101523 253086
28 85 228709 294044
28 202 142920799 190705921
28 182 262688996 754384782
28 126 188608921 277090110
28 178 152038912 183375127
28 117 72992853 153788476
28 146 128427548 419640060
28 148 308604766 454997426
28 200 537444909 815201454
28 132 107210377 368895638
28 190 623304295 799622000
59 181 518211614 719059898
59 180 434786785 691003941
59 228 582552614 920844931
59 176 195735144 688468034
59 195 200589311 787276605
59 65 7182 9079
59 197 502318947 804432088
59 54 366 916
60 212 278377382 886703391
60 160 53984827 199791523
60 144 239084065 406115398
60 80 23088 65222
60 62 3103 5263
60 135 89308333 153606285
60 31 64291 190033
60 26 141988 186524
60 240 490984223 920853616
60 149 68796546 193580103
60 19 88732 182654
61 200 525346479 814984188
61 29 150283 191144
61 133 114370137 153601897
61 35 57278 191230
61 126 202331292 276872844
61 212 324137968 886699033
61 38 162984 199402
61 168 330150374 647121462
61 218 579340028 898026603
61 44 7261 15004
61 63 86 188
61 50 18340 35755
61 108 90634929 135276877
61 112 72013511 139593588
61 190 473335495 799404734
61 140 20660324 29414060
62 240 326621790 920849188
62 226 450978213 920841446
62 185 317634666 437694399
62 1 6912 12528
62 131 198055715 354700642
62 47 270 958
62 60 63 110
62 94 5510813 21389815
62 123 129777069 205538600
62 111 716482 1267918
62 116 82487416 164331222
62 39 128490 199413
62 97 26469333 32437449
62 155 182770856 537969217
62 165 296331667 567971557
62 166 245438945 614768414
63 33 76623 189084
63 98 33465402 42542344
63 61 133 169
63 191 394112563 787272080
63 15 104817 182533
63 73 7268 21216
63 190 323066350 799404565
63 76 9014 27752
63 128 228824498 340076456
63 209 557200167 862422787
63 180 234970800 690999414
63 83 33202 60913
63 121 76633875 194491395
63 153 324865859 471765597
64 236 342062519 920844237
64 220 737931597 912256122
64 207 131449922 190579316
64 166 341990320 614768314
64 162 258174361 566468898
64 121 59436005 194491395
64 98 29029553 42542344
64 96 5743830 21389715
64 81 30092 60222
64 141 114454682 387929067
64 37 71808 199171
64 27 98091 190900
65 200 217310968 814981419
65 131 133147490 354697944
65 211 410077218 866819353
65 107 76283726 107888548
65 155 171861588 537966518
65 103 29934240 75936691
65 78 37124 56187
65 71 10416 17829
65 176 356070040 688460907
65 59 246 675
66 216 584582577 891418208
66 105 69863147 91980609
66 39 91520 199420
66 37 74225 199178
66 228 312421198 920837629
66 137 5829406 19851434
66 111 918785 1265044
66 33 80201 189091
66 205 486761071 855089533
66 49 33445 47888
66 36 109131 192180
66 23 86425 186698
67 236 524383176 920834431
67 228 392875918 920830597
67 222 730883272 920829319
67 180 353072415 690989607
67 138 301540938 380376321
67 149 68870709 193565769
67 136 199018373 380376321
67 116 95444555 164321316
67 96 13485952 21379909
67 30 155727 191366
67 133 97973227 153591921
67 55 647 2109
67 29 89920 191886
68 241 680677159 920837084
68 224 766372353 920827119
68 178 51697607 183145686
68 144 151119500 406098865
68 245 483435684 920839243
68 141 303092144 387917061
68 128 129034638 340064450
68 136 313017051 380374122
68 110 589755 1255458
68 169 27372440 56559304
68 52 19911 36682
68 26 132291 187280
69 244 432711881 920832391
69 216 342647605 891404283
69 189 388957713 782232382
69 165 170532025 567954758
69 162 260859244 566452198
69 186 119733560 288729868
69 147 163804487 454763292
69 106 41638784 107874448
70 195 645941272 787255378
70 91 386529 1247464
70 71 51 145
70 163 96594941 171343387
70 46 7185 14353
70 226 311925005 920824647
70 44 6808 15840
71 240 669231318 920832393
71 6 4129 16086
71 16 131321 182620
71 23 67042 187443
71 70 23 38
71 72 211 364
71 111 763053 1251123
71 76 3381 7094
71 106 84055346 107874452
71 232 493115662 920823542
71 145 328210600 419405929
71 94 16252733 21373020
71 65 912 1582
71 152 251150945 471748902
71 178 66720026 183140996
72 226 683749843 920824651
72 192 352773719 787255387
72 159 107361465 169840831
72 87 30209 59810
72 71 89 352
72 6 10917 16086
73 203 286547095 828320474
73 163 119051508 171343394
73 137 12523642 19837516
73 127 162111378 340059764
73 154 154982606 537952356
73 115 95678294 164310775
73 63 779 1582
73 6 7884 16089
73 107 57353674 107874456
73 3 8213 13551
74 243 314810980 920827035
74 197 371456854 804405506
74 103 54309232 75917235
74 42 5186 17990
74 234 696287670 920820978
74 39 70983 200216
74 97 26778454 32415295
74 32 63844 190627
74 10 148374 179793
75 159 124591967 169835468
75 178 129393417 183135633
75 152 186129246 471743539
75 116 46371708 164309064
75 143 326700751 397466691
75 52 26493 37192
75 20 67438 183321
75 200 255912447 814961960
75 5 7106 13742
75 54 1046 2605
75 2 8407 13554
76 239 610686884 920825266
76 234 644436986 920820981
76 129 98269415 164309856
76 114 140481546 170515783
76 189 202115700 782227030
76 111 673914 1245768
76 149 89151362 193553524
76 97 11786699 32415298
76 71 356 484
76 63 1190 1653
76 29 140739 191912
76 1 7767 12571
77 225 231556739 920784735
77 233 700819227 920787258
77 194 580614621 799350126
77 142 61813742 162138760
77 129 47781194 164277468
77 102 43161096 75884851
77 89 17497 22309
77 197 393723545 804373122
77 54 16054 26271
77 16 142900 182647
78 211 614986050 866766940
78 173 507892580 678236545
78 163 62164114 171305074
78 158 70044127 190829311
78 125 73621700 113821544
78 102 42646067 75884278
78 27 70480 191683
78 91 779452 1209152
78 65 19122 26182
78 26 66112 187314
78 12 125625 188528
79 199 625756218 820570975
79 198 234250338 312600907
79 178 109922737 183102426
79 170 103864653 180566534
79 244 742854335 920793824
79 192 629624900 787216816
79 166 510750683 614713048
79 109 85396940 139534497
79 19 86554 183447
79 167 189396388 278881564
79 115 103975892 164272201
79 11 130910 188382
80 233 686294471 920785656
80 205 633118340 855036266
80 224 345203499 920783084
80 198 123004356 312600132
80 150 27922237 46343456
80 117 122441412 153515000
80 60 19927 25820
80 57 7818 25886
80 170 45356812 180565759
80 144 154283775 406054830
80 131 260547413 354644502
80 14 72844 183498
80 6 9527 16128
81 16 78690 183478
81 159 138139765 169801455
81 48 20421 72372
81 214 439647763 866765905
81 156 215789590 537913058
81 35 112910 193347
81 64 18616 27214
81 126 93036043 276816603
81 39 158800 201530
81 97 25544962 32381278
81 125 68330385 113820484
81 140 8241011 29357820
81 167 97120725 278880759
81 199 275393235 820570170
82 234 503964152 920786961
82 208 22386062 60823735
82 99 16917511 42486273
82 96 15134688 21333644
82 162 269916302 566412826
82 32 124188 191941
82 204 666389135 844479775
82 22 60064 187316
82 3 6405 13562
82 2 8499 13561
83 239 459084253 920791282
83 164 167507427 246527817
83 123 78930697 205482465
83 121 144732708 194435360
83 209 259360961 862366752
83 118 76631806 153515043
83 94 14343607 21333680
83 63 20107 25933
83 25 113658 187171
83 15 144611 183332
83 10 111674 179829
83 48 22049 71090
83 9 124848 179829
84 195 421426556 787216006
84 176 192457992 688407435
84 133 45034264 153545656
84 116 94373636 164275051
84 222 724584728 920783054
84 40 14618 27206
84 36 161558 194289
85 168 417910791 647047546
85 165 465979018 567897711
85 52 52077 75218
85 219 614604910 897952688
85 141 145628722 387855321
85 50 51776 73429
85 44 17952 23859
85 223 587465494 912182434
85 28 93332 192618
86 244 332496746 920775352
86 183 151745395 183084012
86 148 212005081 454705972
86 122 108696107 194417377
86 111 807534 1193800
86 233 716639043 920767820
86 103 23631251 75865272
86 195 500316134 787198059
86 52 21108 75216
86 47 22884 36910
87 236 405390045 920770274
87 19 80401 184272
87 175 96956834 180584876
87 20 147210 184171
87 25 147994 187982
87 29 138880 192754
87 224 632398866 920764881
87 36 95751 194368
87 72 26875 46548
87 101 28236809 66403670
87 47 13860 36991
87 129 99843581 164257663
87 216 689106936 891346738
87 148 218262320 454705747
88 196 645066632 787197108
88 229 314380162 920765550
88 151 361879719 471690627
88 102 29206115 75864320
88 166 170394325 614693344
88 101 24126213 66402944
88 96 5887244 21314745
88 94 16406115 21314745
88 91 868015 1189194
89 202 61769562 190413777
89 158 146154213 190809614
89 143 141711230 397414041
89 135 67962750 153527049
89 168 166334698 647046584
89 77 9853 22017
89 17 100456 184184
89 9 73444 179808
90 243 519562655 920774655
90 140 14918729 29339175
90 221 723385902 912181406
90 47 18123 36998
90 164 61715053 246509137
90 109 39677292 139515048
90 119 4138103 12236553
90 36 86049 194376
90 210 292884071 862438878
90 160 156791845 199712280
90 186 152671498 288671852
90 133 45848743 153527012
90 162 265420388 566394182
90 183 127798489 183083314
90 194 441259333 799329849
91 218 634320740 896762505
91 172 179718680 677027546
91 6 12671 16188
91 21 123697 188449
91 112 87476629 138329408
91 125 56508755 112612545
91 23 147080 188858
91 88 1055 2524
91 127 198298048 338812446
91 135 70636419 152337747
91 194 525060313 798140554
91 78 6998 22747
91 103 46622197 74675280
91 152 248376122 470501587
91 70 12248 47223
91 157 280190800 536705119
92 174 39813524 55307283
92 128 188369790 338812292
92 168 251871862 645857128
92 25 127558 188539
92 19 54647 184828
92 234 698082533 919579101
92 117 90274606 152306877
92 13 139259 189127
92 164 114091211 245319688
92 125 35286098 112612392
92 8 12406 16534
93 239 333982017 919584230
93 169 28830178 55307154
93 136 143227106 379122237
93 142 90265608 160929309
93 129 91444743 163067750
93 198 114280182 311392016
93 146 158294654 418158734
93 42 11436 20746
93 33 135969 191906
93 131 156734797 353436652
93 1 7960 12666
94 234 373747531 899453593
94 2 9577 13659
94 6 5559 16198
94 71 34459 47344
94 232 609465414 899450666
94 29 135582 193322
94 241 450034757 899461034
94 38 80838 202228
94 43 13452 24490
94 189 485404788 760859409
94 44 13759 24577
94 83 8741 23467
94 53 13850 43970
94 88 1796 2535
94 152 256096585 450375925
94 62 28065 44642
94 178 86064894 161768019
95 227 319227406 908529254
95 161 186085074 546492958
95 182 469873661 741855734
95 143 209436468 385177137
95 103 28315887 63627492
95 202 143367484 178176873
95 46 23011 37612
95 42 5426 20746
95 127 120965836 327764844
95 10 63992 179892
95 171 206996740 644071394
95 2 9739 13656
95 1 6533 12666
96 242 464223054 899463193
96 213 140105887 173911738
96 105 22040741 70593711
96 196 551682936 765882405
96 15 94345 184711
96 67 15085 46478
96 238 387727405 899455845
96 6 8620 16198
96 64 14068 44551
96 168 281452238 625731620
96 1 3987 12669
96 88 1385 2535
96 114 79239275 149148162
96 82 14671 21433
96 169 41527629 55307157
96 191 612561399 765882408
97 240 493773599 888412897
97 196 387751240 754834957
97 183 93064231 150720909
97 81 15036 21465
97 26 62284 188716
97 40 18494 27922
97 223 416321174 879819151
97 49 49774 85780
97 62 31710 44649
97 230 265309726 888404052
97 56 35822 44120
97 57 25823 43981
97 190 566473426 766967444
97 16 115569 184053
97 74 19019 48043
97 134 61624150 121164612
97 76 14036 48608
97 157 268083519 505532008
97 99 3772552 10104994
97 106 24511886 75453841
97 111 1908 3673
98 217 446231190 855484587
98 120 49332000 143171126
98 171 256193299 613841068
98 119 2624 3757
98 114 88342962 127995896
98 64 37078 44565
98 180 420160547 648457476
98 63 33193 44565
98 7 11917 16494
98 5 9034 13862
98 157 363306217 495427191
98 118 52219591 111029140
98 1 6389 12684
99 215 612920047 844157041
99 245 481451110 878310927
99 232 690261361 878298400
99 206 537975636 819880825
99 240 439216584 878308080
99 110 1486 3325
99 97 5 7
99 173 212686157 635749618
99 82 5414 21447
99 54 36000 43759
99 34 97740 193496
99 27 75670 193093
100 240 626942790 878307822
100 6 6584 16213
100 14 138560 184897
100 41 9911 20452
100 171 275371619 613840810
100 44 17084 24591
100 104 23534029 49441002
100 239 494551344 878305924
100 152 213740600 429223401
100 179 36983792 140615511
100 185 128882391 395152104
100 222 498814917 878297020
100 193 302216726 744729894
100 231 299145482 878298142
100 202 121157823 147946290
101 217 565739456 927006702
101 2 5139 13684
101 41 15306 20463
101 54 14221 43770
101 87 2167 3067
101 39 137601 202264
101 126 175272436 305852851
101 30 77396 192828
101 204 521789443 873516022
101 88 2106 2560
101 129 147506631 193312083
101 131 274243055 383680719
101 163 93614811 200340262
101 177 468025687 717481003
102 242 250812060 949943704
102 225 461740579 949930114
102 135 140138478 182692597
102 88 1754 2560
102 78 8734 22783
102 77 8030 22812
102 22 147588 187909
103 235 316408247 949935013
103 196 209947637 816362917
103 39 116702 202264
103 65 26518 45219
103 91 118 189
103 95 12 28
103 74 28453 48061
103 113 126106005 176398299
103 86 2425 3084
103 106 48372338 136981801
103 43 11356 24516
103 159 155473125 198948366
103 170 108473986 209712639
103 189 301500917 811339921
103 192 420476608 816362922
104 240 551412166 828866820
104 27 160507 193104
104 144 141718712 314127673
104 2 4027 13684
104 17 143798 184766
104 1 9012 12694
104 204 276721052 752552648
104 44 16831 24602
104 100 4 10
104 187 357914215 680456146
104 49 51220 85798
104 22 82042 187909
104 51 22276 74166
104 228 606016691 828857306
105 178 44480271 91174494
105 109 12708474 47606565
105 96 27 68
105 66 15796 45067
105 14 96206 184908
105 218 425320875 806043327
105 205 347740936 763109109
105 10 125158 179920
106 218 452163136 790135563
106 195 241748019 679381116
106 148 213171373 346889029
106 165 346190669 460080495
106 113 16226360 39416498
106 103 48053595 74487183
106 160 74708471 91896033
106 69 35070 47270
106 46 28411 37652
106 21 122969 188496
106 97 37 72
106 71 14613 47380
106 19 112007 184875
107 235 412178798 812953212
107 191 431077793 679381118
107 184 161971863 646276707
107 181 187379360 611164408
107 215 467198849 778808017
107 176 399936883 580572544
107 172 380206135 570400594
107 166 382540262 506877352
107 161 354609212 450913609
107 229 622144120 812949649
107 73 16360 47528
107 65 28918 45230
108 229 233437389 785564644
108 164 72589928 111307330
108 180 427852807 555722892
108 115 23903985 29050945
108 61 31822 44971
108 171 179620874 521106484
108 41 6928 20708
108 30 153198 193072
108 155 245686070 402692595
108 116 10223317 29054600
108 25 146932 188820
109 185 121148087 298104536
109 182 413755616 614577583
109 192 383118643 647682319
109 179 16050612 43567944
109 175 24074106 41069356
109 128 146620973 200486692
109 122 24393557 54901632
109 90 1601 3076
109 105 117 255
109 79 13578 23031
110 235 455139067 919576710
110 210 305005505 861246129
110 153 155701947 470498133
110 228 708898941 919573040
110 150 16448066 45135358
110 203 534123416 827069702
110 99 17242608 41278206
110 227 281641045 919573402
110 58 32781 43988
110 68 19864 47304
110 3 8616 13675
111 86 1936 3080
111 219 486981562 896758730
111 76 31065 48622
111 97 20811558 31173218
111 71 19931 47366
111 66 33224 45063
111 20 105214 184760
111 237 450931840 919576814
111 16 73038 184068
111 140 17270618 28149759
111 62 31246 44664
111 10 70452 179917
112 212 396389380 747105469
112 138 75570296 240792709
112 91 330 470
112 61 34275 45007
112 194 360128723 659811170
112 51 45268 74446
112 189 313227718 642655687
112 33 145893 192216
112 31 147638 192590
112 193 268747686 647678695
112 24 78849 189175
112 158 33220215 51294591
112 15 133621 185017
113 151 154737396 324458137
113 205 399266154 707784847
113 140 10218856 17106649
113 233 599375187 773534820
113 103 22354718 74487439
113 56 15134 44397
113 176 383131004 541156046
113 46 25129 37900
113 45 10005 37933
113 144 181294157 258803410
113 14 56444 185167
113 106 207 255
113 2 9441 13944
114 218 243390805 733699062
114 240 515244570 756523460
114 188 189935104 617921618
114 182 208962003 589839883
114 132 60910140 204350739
114 148 170076987 290452527
114 96 99 342
114 76 23790 48900
114 98 189 512
114 33 57297 192208
115 140 4662822 17106660
115 108 20 32
115 183 14888081 43568288
115 79 15550 23053
115 177 403852002 524173359
115 73 36310 47787
115 24 123944 189164
115 2 10503 13954
116 178 15755334 43564294
116 155 105329303 373637995
116 144 112957095 241779748
116 141 160760282 223597945
116 160 19924066 35459560
116 108 24 64
116 84 6944 22402
116 119 1669 4070
116 67 35986 46806
116 205 418438575 690761209
116 75 23102 48499
116 62 32926 44970
116 23 148610 189196
117 166 315626069 461197324
117 164 57761821 106994132
117 130 19921269 39361833
117 51 54561 74457
117 236 228016030 767274694
117 80 10760 23038
117 54 34692 44061
117 28 136273 193502
117 92 248 327
117 14 105276 185199
117 4 5858 13977
118 221 357489202 758685337
118 204 503585681 690964970
118 232 571122363 767269813
118 193 444195535 633701214
118 131 91358878 215107135
118 129 11251854 24742186
118 83 8473 23784
118 55 26881 44967
118 227 432193793 767269990
118 45 30495 37965
118 98 183 530
118 20 68834 185055
118 10 83192 180212
119 173 337969701 665980287
119 116 116634777 152023592
119 90 874 2799
119 52 40260 75930
119 98 19005755 30234814
119 46 22568 37612
119 131 266355595 342389274
119 40 13974 27912
119 18 78329 185353
120 206 441640156 736989716
120 154 300486176 412535977
120 140 11918844 17106710
120 98 335 559
120 237 234791962 795412468
120 55 16953 44996
120 54 12156 44090
120 204 365696264 719102799
120 48 34167 86119
121 216 327645794 696929702
121 182 186927312 559675975
121 160 19681669 35459578
121 185 134131346 243202904
121 146 74648721 224931229
121 83 19306 23812
121 64 21768 44896
121 63 35645 44896
121 37 119474 202342
121 223 179837342 717764900
121 2 10498 14005
122 173 348578670 483800185
122 206 318257916 667931391
122 128 112998701 145585060
122 109 35 72
122 86 2176 3404
122 58 12414 44319
122 19 92154 185185
123 210 378989918 656975116
123 193 281432224 581733613
123 128 80885161 134537955
123 83 18897 23820
123 62 20179 44995
123 6 12175 16551
124 237 693867731 849722868
124 218 638756871 826905372
124 158 52122141 191097510
124 147 217332961 383658928
124 56 165872 256105
124 53 130725 251322
124 44 114311 194655
124 220 302001208 841135059
124 38 52702 208743
124 24 114971 190710
124 22 69107 190448
125 186 77505398 246204447
125 192 263846155 673395712
125 179 107952477 140615587
125 177 227007963 574624456
125 174 24893187 44264011
125 209 319743376 748546508
125 92 48 100
125 172 337551872 564415186
125 81 6580 21548
125 91 93 254
125 78 16725 22848
125 50 35750 74234
125 15 47526 184801
126 219 393877374 621153874
126 207 22313418 50986020
126 187 353474598 495566694
126 183 28398665 43564734
126 101 25030112 47665575
126 61 11578 45129
126 203 254752416 551464515
126 47 31522 38056
126 41 14503 20866
126 28 145079 193614
126 81 14795 21886
126 16 48000 184474
126 7 12251 16908
