246 245 181 723
245 246 1474 2547
245 242 239 661
245 244 297 411
244 245 1419 2401
244 243 0 0
244 241 300 661
243 244 0 0
243 241 482 661
242 245 453 661
242 241 144 411
241 244 496 661
241 243 439 661
241 242 1319 2401
241 240 293 687
240 241 178 688
240 230 685 2258
240 239 136 295
239 240 637 1897
239 226 656 1893
239 238 301 364
238 239 1348 2644
238 235 99 310
238 237 54 217
237 238 260 1021
237 236 0 0
237 234 174 310
236 237 0 0
236 234 186 310
235 238 812 1344
235 234 75 217
234 237 855 1344
234 236 689 1344
234 235 465 1021
234 229 178 628
234 233 445 736
233 234 1336 1891
233 227 212 296
233 232 183 332
232 233 678 1591
232 231 0 0
232 225 199 296
231 232 0 0
231 225 234 296
230 240 5593 9906
230 225 98 295
229 234 1561 3004
229 228 209 540
228 229 468 621
228 225 86 231
227 233 996 1413
227 225 246 332
226 239 6037 7261
226 225 303 364
225 232 857 1413
225 231 677 1413
225 230 768 1897
225 228 551 1302
225 227 1177 1591
225 226 697 2644
225 223 10 21
225 224 12 42
224 225 37 58
224 222 0 0
224 221 5 21
223 225 6745905 8583003
223 221 17 42
222 224 0 0
222 221 12 21
221 224 5606333 8583003
221 223 43 58
221 222 5783121 8583003
221 220 0 0
221 218 6 18
220 221 0 0
220 219 9 18
219 220 7358794 14229687
219 218 0 0
219 190 146 213
218 221 4456213 14229687
218 219 0 0
218 217 0 0
218 216 7 10
217 218 0 0
217 216 6 10
216 218 3043667 6605451
216 217 2235331 6605451
216 213 236 619
216 215 7 14
215 216 3392103 4722094
215 212 54 98
215 214 8 10
214 215 13683335 19876911
214 209 125868 278730
214 211 34 98
213 216 440942721 696119686
213 207 7 14
212 215 33 115
212 211 7 10
211 214 62 115
211 212 6679423 19876911
211 208 688 856
211 210 2 7
210 211 3351840 4308358
210 207 328 502
210 206 118952 278722
209 214 2422989 4857393
209 206 28 98
208 211 655922010 805942146
208 174 4 7
207 213 1602613 4722094
207 210 511833740 671934301
207 202 203276 278722
206 210 323671 549034
206 209 41 115
206 202 177 502
206 205 7 10
205 206 3864893 7330455
205 201 7 21
205 204 5 10
204 205 7146828 10556461
204 199 5 10
204 203 4 10
203 204 9423852 16198680
203 198 296 457
203 197 7 10
202 207 368466 549034
202 206 354281104 671934301
202 183 3 10
201 205 18632516 40108285
201 200 2 3
200 201 0 3
200 197 5 10
199 204 15224219 23909605
199 197 5 10
198 203 160408993 515680993
198 186 8 10
197 203 18828196 23909605
197 200 6023187 10556457
197 199 7318993 16198680
197 196 5 10
197 194 13 28
196 197 12764910 17155483
196 195 61 141
195 196 73 141
195 193 18 45
194 197 4135932 5022996
194 190 0 0
194 188 7 10
193 195 22 38
193 192 32 88
192 193 61 88
192 191 2 3
191 192 1 3
191 188 15 28
190 219 75866152 98621960
190 194 0 0
190 189 8 10
189 190 10018970 17155483
189 188 0 0
189 156 966 1726
188 194 6230972 17155483
188 191 3725935 5022998
188 189 0 0
188 186 264 417
188 187 3 10
187 188 7271555 9809737
187 185 570 1772
187 184 3 10
186 198 16341975 23909605
186 188 213787833 493502514
186 167 8 10
185 187 139549337 334746781
185 145 4 10
184 187 6062909 18271675
184 183 277 409
184 182 3405 4621
183 202 4860087 7330455
183 184 342685087 571009663
183 179 3169 4621
182 184 2262 5692
182 181 7 21
181 182 8811123 35111976
181 180 15 54
180 181 20208859 28055956
180 179 249 333
180 177 4 10
179 183 1807 5692
179 180 290843631 507841730
179 178 17 68
178 179 26 84
178 175 5 10
177 180 1721014 2498587
177 175 216 333
177 176 4 7
176 177 10938 37320
176 174 332 658
176 173 2 7
175 178 1639381 2498571
175 177 212974927 507841730
175 170 3 7
174 176 243647192 631892059
174 208 2529392 4308358
174 169 84 150
173 176 6273354 10171950
173 172 0 0
173 171 5 10
172 173 0 0
172 171 7 10
171 173 17296100 21908550
171 172 7904660 21908550
171 170 140 315
171 168 7 21
170 175 30995 37320
170 171 245892972 475761230
170 163 17 21
169 174 203 662
169 150 4 7
168 171 2825406 9261714
168 167 138 273
168 166 14 18
167 186 2729583 9809737
167 168 284187383 368184462
167 164 7 18
166 168 12378014 32352978
166 164 191 273
166 165 8 18
165 166 17212665 46796857
165 163 172 279
165 162 4 7
164 167 16611340 32352978
164 166 192206814 368184462
164 160 10 18
163 170 5744630 9261714
163 165 296914875 396611395
163 159 5 7
162 165 923250 1502559
162 159 187 279
162 161 6 10
161 162 3593250 7664326
161 160 91 255
161 157 19 28
160 164 26853291 46796857
160 161 279304067 359017575
160 158 4 10
159 163 541244 1502559
159 162 239059827 396611395
159 142 7 10
158 160 5261693 8902672
158 149 6650924 14619853
157 161 11218541 20835441
157 156 0 0
157 152 31 45
156 189 148285911 244281664
156 157 0 0
156 155 18 27
155 156 25 36
155 154 25 74
154 155 75 129
154 153 13 18
153 152 0 0
153 154 40289912 66203450
153 141 38 57
152 157 18219767 66203556
152 153 0 0
152 141 47 57
152 151 0 0
151 152 0 0
151 150 225 525
151 148 2 7
150 169 3187066 10171813
150 151 321977875 425366100
150 140 5 7
149 158 8161355 11928592
149 130 3 10
148 151 7485556 16985606
148 147 0 0
148 146 4 14
147 148 0 0
147 146 10 14
146 148 20081916 35357366
146 147 18084677 35357366
146 145 0 0
146 144 3 7
145 185 9530077 18271675
145 146 0 0
145 144 2 7
144 146 5836393 13311753
144 145 9058637 13311753
144 142 76 176
144 143 15 21
143 144 6979264 8622121
143 140 366 482
143 139 4 7
142 159 3257598 7664326
142 144 195296540 243917671
142 135 3 10
141 153 24173970 83836530
141 152 59347642 83836530
141 139 0 0
141 136 4 7
140 143 297306353 368074858
140 150 4962450 16985606
140 137 5 7
139 143 6036153 9559682
139 141 0 0
139 137 150 482
139 138 3 7
138 139 2884934 7542939
138 136 0 0
138 132 11 14
137 140 5463477 9559682
137 139 234328936 368074858
137 119 2 7
136 141 4052926 7542939
136 138 0 0
136 132 7 14
135 142 6123918 8591442
135 134 1888 3451
134 135 1680 3552
134 133 197 303
133 134 172 308
133 118 6 10
132 138 5625940 11707924
132 136 2967208 11707924
132 118 97 147
132 131 3 10
131 132 8574666 13977660
131 130 111 147
131 128 5 10
130 149 10031300 14624022
130 131 94879799 175748989
130 129 42 90
129 130 10352625 14619697
129 115 2 3
128 131 6702315 14624086
128 127 0 0
128 126 8 14
127 128 0 0
127 126 6 14
58 60 21 66
58 59 45 66
58 57 0 0
58 56 158 261
57 58 0 0
57 56 115 261
56 58 73 261
56 57 162 261
56 55 178 547
55 56 614 825
55 54 31 42
54 55 2925 4891
54 53 408 608
53 54 331 442
53 52 9047 34992
52 53 6882 21256
52 51 74 112
51 52 6462 10593
51 50 1 3
50 51 39 138
50 49 6153 17655
49 50 12109 19720
49 48 425 946
48 49 413 946
48 47 26 56
47 48 25315 39830
47 46 8918 12420
46 47 10967 15218
46 45 23 42
45 46 293 483
45 44 3247 4538
44 45 3503 4519
44 43 6766 20229
43 44 12378 20042
43 42 7991 16485
42 43 8049 20226
42 41 5394 16364
41 42 12683 16936
41 40 7142 24747
40 41 91551 183266
40 39 101884 174324
39 40 224 525
39 38 11031 19364
38 39 7393 19375
38 37 33 76
37 38 175 559
37 36 18 25
36 37 2299 6998
36 35 49 120
35 36 1417 1996
35 34 235 304
34 35 1135 1598
34 33 52 76
33 34 1526 2506
33 32 766 1664
32 33 1229 1640
32 31 99 260
31 32 877 1164
31 30 579 1510
30 31 674 1705
30 29 676 1194
29 30 984 1194
29 28 205 730
12 13 269 906
12 11 667 1200
11 12 705 1414
11 10 4975 16302
10 11 9949 24813
10 9 488 634
9 10 244 634
9 8 196 585
8 9 52792 163456
8 7 2 3
7 8 10 36
7 6 35 129
6 7 116 410
6 5 4877 10930
5 6 10409 13285
5 4 22 45
4 5 112 223
4 3 211 264
3 4 194 264
3 2 21 38
2 3 26 36
2 1 34 52
1 2 493 1024
0 246 369523958 0
0 245 232602372 0
0 244 512675087 0
0 243 743292789 0
0 242 444494360 0
0 241 359815430 0
0 240 544896630 0
0 239 367357680 0
0 238 597793154 0
0 237 738172807 0
0 236 464266537 0
0 235 708591408 0
0 234 234125336 0
0 233 735858898 0
0 232 553483892 0
0 231 652672849 0
0 230 540120280 0
0 229 306798799 0
0 228 349727634 0
0 227 436060992 0
0 226 232567147 0
0 225 454819132 0
0 224 274462358 0
0 223 579401631 0
0 222 689714167 0
0 221 262645171 0
0 220 659845634 0
0 219 571485526 0
0 218 586901258 0
0 217 645174008 0
0 216 498660399 0
0 215 576468202 0
0 214 288975369 0
0 213 127529350 0
0 212 598336998 0
0 211 610134560 0
0 210 231324766 0
0 209 652804388 0
0 208 38248685 0
0 207 126348203 0
0 206 258667608 0
0 205 489245703 0
0 204 678310021 0
0 203 235554763 0
0 202 78271773 0
0 201 272845012 0
0 200 670690772 0
0 199 502089887 0
0 198 131562276 0
0 197 634172065 0
0 196 365717452 0
0 195 515938357 0
0 194 301895783 0
0 193 268504974 0
0 192 307381553 0
0 191 436418713 0
0 190 620788952 0
0 189 244197322 0
0 188 607637604 0
0 187 392268718 0
0 186 85749082 0
0 185 309276060 0
0 184 264201326 0
0 183 150085731 0
0 182 530040925 0
0 181 545028869 0
0 180 257743713 0
0 179 94695111 0
0 178 46248951 0
0 177 473762593 0
0 176 217993224 0
0 175 87927079 0
0 174 24506595 0
0 173 562518002 0
0 172 184900856 0
0 171 260710172 0
0 170 65181462 0
0 169 22404502 0
0 168 219808294 0
0 167 170810174 0
0 166 471381395 0
0 165 453316129 0
0 164 89873247 0
0 163 120937355 0
0 162 355083637 0
0 161 353933704 0
0 160 156081171 0
0 159 87711853 0
0 158 150488014 0
0 157 343070478 0
0 156 181883117 0
0 155 334332263 0
0 154 313358607 0
0 153 234202187 0
0 152 377645985 0
0 151 266838571 0
0 150 27390564 0
0 149 109099671 0
0 148 181513486 0
0 147 219115486 0
0 146 190658245 0
0 145 113879452 0
0 144 290088572 0
0 143 145021675 0
0 142 47265181 0
0 141 185215595 0
0 140 17621944 0
0 139 113100162 0
0 138 139042894 0
0 137 6844839 0
0 136 238215985 0
0 135 79227445 0
0 134 92684868 0
0 133 101034825 0
0 132 187194426 0
0 131 230449101 0
0 130 86241624 0
0 129 121365069 0
0 128 202639562 0
0 59 95920 0
0 58 210424 0
0 57 199207 0
0 56 125254 0
0 55 216163 0
0 54 91993 0
0 53 198456 0
0 52 148142 0
0 51 123301 0
0 50 149456 0
0 49 160250 0
0 48 67392 0
0 47 84246 0
0 46 80155 0
0 45 97225 0
0 44 154101 0
0 43 132679 0
0 42 132281 0
0 41 147163 0
0 40 16475 0
0 39 105138 0
0 38 169596 0
0 37 93675 0
0 36 100226 0
0 35 121945 0
0 34 95025 0
0 33 140172 0
0 32 141595 0
0 31 140023 0
0 30 140200 0
0 13 64833 0
0 12 71511 0
0 11 79686 0
0 10 118258 0
0 9 142858 0
0 8 5043 0
0 7 5972 0
0 6 3371 0
0 5 6536 0
0 4 3044 0
0 3 4562 0
0 2 5221 0
0 1 4033 0
0 14 127531 0
0 15 59298 0
0 16 58007 0
0 17 57665 0
0 18 52263 0
0 19 89793 0
0 20 84280 0
0 21 130875 0
0 22 66387 0
0 23 95819 0
0 24 57766 0
0 25 128501 0
0 26 134619 0
0 27 74886 0
0 28 134372 0
0 29 125349 0
0 60 165444 0
0 61 151407 0
0 62 82025 0
0 63 151634 0
0 64 74451 0
0 65 221100 0
0 66 140667 0
0 67 227126 0
0 68 189804 0
0 69 158172 0
0 70 182728 0
0 71 184909 0
0 72 132034 0
0 73 134801 0
0 74 80576 0
0 75 208581 0
0 76 100824 0
0 77 84319 0
0 78 127522 0
0 79 209417 0
0 80 110885 0
0 81 129599 0
0 82 157692 0
0 83 75786 0
0 84 150067 0
0 85 161287 0
0 86 178198 0
0 87 204599 0
0 88 143117 0
0 89 134278 0
0 90 219297 0
0 91 1188462 0
0 92 911904 0
0 93 1237851 0
0 94 6077058 0
0 95 7248845 0
0 96 16289747 0
0 97 15533374 0
0 98 18334947 0
0 99 17781465 0
0 100 11357431 0
0 101 40509510 0
0 102 36420175 0
0 103 19867645 0
0 104 24720990 0
0 105 47562463 0
0 106 81135805 0
0 107 86107309 0
0 108 65644809 0
0 109 94273375 0
0 110 903882 0
0 111 1075139 0
0 112 106358571 0
0 113 87024829 0
0 114 101964739 0
0 115 48723990 0
0 116 117280753 0
0 117 79917910 0
0 118 91439604 0
0 119 7442868 0
0 120 108225614 0
0 121 141375701 0
0 122 125096852 0
0 123 92682760 0
0 124 18259377 0
0 125 46317167 0
0 126 124488240 0
0 127 131151077 0
13 14 21290 30424
13 12 146 314
14 15 161 213
14 13 8062 25339
15 16 472 702
15 14 129 210
16 17 562 729
16 15 487 1366
17 18 365 650
17 16 29 38
18 19 1116 1584
18 17 31 38
19 20 198 542
19 18 1076 1387
20 21 3890 5439
20 19 518 643
21 22 2620 3517
21 20 861 1119
22 23 862 1399
22 21 1278 3570
23 24 664 1089
23 22 170 421
24 25 127 321
24 23 737 1089
25 26 953 1342
25 24 114 328
26 27 2911 4369
26 25 310 585
27 28 461 1550
27 26 10 14
28 29 1188 1586
28 27 242 751
59 60 0 0
59 58 38 66
60 61 2726 5184
60 59 0 0
60 58 23 66
61 64 127 188
61 62 65 79
61 60 10 42
62 63 68 109
62 61 44 68
63 64 0 0
63 62 29 100
64 65 1525 3716
64 63 0 0
64 61 125 169
65 66 301 524
65 64 221 474
66 67 6583 9342
66 65 193 501
67 68 1899 3052
67 66 336 873
68 70 1778 4815
68 69 3931 4815
68 67 17 42
69 70 0 0
69 68 124 177
70 71 49 145
70 69 0 0
70 68 45 177
71 72 165 364
71 70 24 38
72 73 76 170
72 71 173 352
73 74 2932 5948
73 72 11 38
74 75 115 202
74 73 27 42
75 76 209 468
75 74 41 66
76 77 25155 33049
76 75 25 45
77 78 339 582
77 76 7443 26444
78 79 152 292
78 77 15 38
79 80 402 806
79 78 28 38
80 83 417 781
80 81 429 1425
80 79 38 67
81 82 93 141
81 80 1872 2659
82 84 590 783
82 81 124 166
83 84 534 1270
83 80 31 42
84 85 11067 17674
84 82 97 141
84 83 1926 2626
85 86 213 307
85 84 14143 18644
86 87 271 348
86 85 318 406
87 88 424 765
87 86 70 139
88 89 97 313
88 87 249 546
89 90 28 38
89 88 150 301
90 91 415201 1189448
90 89 9 37
91 92 97 153
91 90 1958 2792
92 96 5779485 20125551
92 95 3340723 11047634
92 94 9559027 20125551
92 93 1357 2091
92 91 110 153
93 110 1214 3573
93 92 2 7
94 96 0 0
94 92 4 10
95 119 975 3739
95 97 16517985 20125551
95 92 4 7
96 97 3107663 11047634
96 94 0 0
96 92 6 10
97 99 5071026 10104994
97 98 2650375 10104994
97 95 4 10
97 96 3 7
98 99 0 0
98 97 5 7
99 100 67 258
99 98 0 0
99 97 2 7
100 105 30652857 49441002
100 102 19071886 33396908
100 101 19715750 23935532
100 125 37117340 71334174
100 99 82 220
101 103 31572289 74216548
101 100 7 10
102 103 0 0
102 100 5 10
103 104 73210865 121074037
103 101 14723290 47525379
103 102 0 0
104 105 0 0
104 103 25177810 74487172
105 107 8212158 15907764
105 106 10580537 15907764
105 104 0 0
105 100 7 10
106 107 0 0
106 105 6 10
107 108 21960321 27385560
107 106 0 0
107 105 4 10
108 109 2505307 4313241
108 107 98 234
109 113 4397570 7717696
109 112 2432 3655
109 108 4 10
110 111 202 355
110 93 1309 2437
111 112 111402688 138325599
111 110 4 7
112 117 9733225 13977622
112 116 15179874 24737703
112 111 145 284
112 109 23 32
113 114 15910399 23230374
113 109 8 10
114 115 1 3
114 113 8 14
115 129 3466 4440
115 116 2174 3655
115 114 4879668 6210367
116 122 16434266 30160273
116 120 11449608 21381942
116 115 16 32
116 112 16 21
117 118 51 64
117 112 3 10
118 133 12167 30649
118 132 79250194 215107124
118 117 21 31
119 137 6026751 7542939
119 123 118763265 193227231
119 95 1170 4268
120 121 43100597 69058324
120 116 4 18
121 122 0 0
121 120 24890641 43851370
122 123 5638012 11047105
122 121 0 0
122 116 14 18
123 126 23149445 71334174
123 119 214 356
123 122 2 7
124 125 14998522 42755493
125 126 103525229 162996304
125 100 33 75
125 124 162 374
126 128 39897865 63203781
126 127 30936907 63203781
126 125 172 345
126 123 28 75
