0 1 6645 0
0 2 6885 0
0 3 6886 0
0 4 6886 0
0 5 6989 0
0 6 8954 0
0 7 9017 0
0 8 9047 0
0 9 152335 0
0 10 152335 0
0 11 162356 0
0 12 162481 0
0 13 163094 0
0 14 163219 0
0 15 163222 0
0 16 163082 0
0 17 163337 0
0 18 163598 0
0 19 163690 0
0 20 163633 0
0 21 166065 0
0 22 166021 0
0 23 166239 0
0 24 166239 0
0 25 166233 0
0 26 166720 0
0 27 170548 0
0 28 170998 0
0 29 171477 0
0 30 171477 0
0 31 171710 0
0 32 172310 0
0 33 172290 0
0 34 173565 0
0 35 174357 0
0 36 175322 0
0 37 181533 0
0 38 181833 0
0 39 181842 0
0 40 28629 0
0 41 158712 0
0 42 163328 0
0 43 166445 0
0 44 166286 0
0 45 166100 0
0 46 166249 0
0 47 168530 0
0 48 201329 0
0 49 201329 0
0 50 202204 0
0 51 202319 0
0 52 210995 0
0 53 214084 0
0 54 214079 0
0 55 218078 0
0 56 218139 0
0 57 218142 0
0 58 218142 0
0 59 218142 0
0 60 218142 0
0 61 222398 0
0 62 222407 0
0 63 222417 0
0 64 222417 0
0 65 225106 0
0 66 225131 0
0 67 232003 0
0 68 234470 0
0 69 235491 0
0 70 235491 0
0 71 235565 0
0 72 235575 0
0 73 235652 0
0 74 240547 0
0 75 240622 0
0 76 240809 0
0 77 246133 0
0 78 246472 0
0 79 246624 0
0 80 247111 0
0 81 246698 0
0 82 246677 0
0 83 247337 0
0 84 246861 0
0 85 246053 0
0 86 246075 0
0 87 246216 0
0 88 246435 0
0 89 246445 0
0 90 246443 0
0 91 1238467 0
0 92 1238467 0
0 93 1240210 0
0 94 18009946 0
0 95 10445068 0
0 96 18009946 0
0 97 27216547 0
0 98 35637540 0
0 99 35637540 0
0 100 35637578 0
0 101 55584059 0
0 102 63468539 0
0 103 63468539 0
0 104 76838617 0
0 105 76838617 0
0 106 90095292 0
0 107 90095292 0
0 108 112922003 0
0 109 116516257 0
0 110 1241403 0
0 111 1241699 0
0 112 116519489 0
0 113 122947885 0
0 114 142306781 0
0 115 137131434 0
0 116 137134666 0
0 117 128167651 0
0 118 128167682 0
0 119 10444604 0
0 120 154953233 0
0 121 162268509 0
0 122 162268509 0
0 123 171474646 0
0 124 59446477 0
0 125 95084055 0
0 126 230921123 0
0 127 283591184 0
0 128 283591184 0
0 129 137135175 0
0 130 149318332 0
0 131 295778082 0
0 132 307426275 0
0 133 128193429 0
0 134 128193437 0
0 135 128193458 0
0 136 317183134 0
0 137 16730560 0
0 138 317183134 0
0 139 323469090 0
0 140 24697102 0
0 141 323469090 0
0 142 135353184 0
0 143 331435632 0
0 144 338621134 0
0 145 349714438 0
0 146 349714438 0
0 147 379179147 0
0 148 379179147 0
0 149 161505191 0
0 150 38851924 0
0 151 393333969 0
0 152 393333969 0
0 153 393333969 0
0 154 448503789 0
0 155 448503847 0
0 156 448503857 0
0 157 448503857 0
0 158 159262598 0
0 159 141740321 0
0 160 166681716 0
0 161 465867241 0
0 162 472254378 0
0 163 142992615 0
0 164 205679414 0
0 165 473506672 0
0 166 512504370 0
0 167 232640585 0
0 168 539465541 0
0 169 47328615 0
0 170 150711003 0
0 171 547183929 0
0 172 565441241 0
0 173 565441241 0
0 174 47328729 0
0 175 150742257 0
0 176 573918046 0
0 177 573949300 0
0 178 152824610 0
0 179 152824623 0
0 180 576031666 0
0 181 599412668 0
0 182 628673180 0
0 183 152824892 0
0 184 628673449 0
0 185 364941074 0
0 186 240815609 0
0 187 643900085 0
0 188 652075109 0
0 189 652075109 0
0 190 666371557 0
0 191 656261364 0
0 192 656261369 0
0 193 656261375 0
0 194 666371557 0
0 195 656261365 0
0 196 656261365 0
0 197 670557813 0
0 198 260740512 0
0 199 684056919 0
0 200 679355053 0
0 201 679355056 0
0 202 158933836 0
0 203 690482716 0
0 204 703981822 0
0 205 712779065 0
0 206 718888009 0
0 207 159009528 0
0 208 50919201 0
0 209 718888029 0
0 210 718963701 0
0 211 722554173 0
0 212 739118459 0
0 213 162944888 0
0 214 722554193 0
0 215 739118479 0
0 216 743053839 0
0 217 748558566 0
0 218 748558566 0
0 219 748558566 0
0 220 760416902 0
0 221 760416902 0
0 222 767569782 0
0 223 760416922 0
0 224 767569782 0
0 225 767569802 0
0 226 767571612 0
0 227 767570980 0
0 228 767570826 0
0 229 767570915 0
0 230 767571278 0
0 231 767570688 0
0 232 767570688 0
0 233 767571866 0
0 234 767572979 0
0 235 767573736 0
0 236 767573786 0
0 237 767573786 0
0 238 767574543 0
0 239 767576353 0
0 240 767577829 0
0 241 767577830 0
0 242 767579629 0
0 243 767577830 0
0 244 767577830 0
0 245 767579629 0
0 246 767580054 0
1 2 854 854
2 1 44 44
2 3 30 30
3 2 32 32
3 4 220 220
4 3 220 220
4 5 186 186
5 4 38 38
5 6 11071 11071
6 5 9109 9109
6 7 342 342
7 6 108 108
7 8 30 30
8 7 3 3
8 9 136214 136214
9 8 488 488
9 10 529 529
10 9 529 529
10 11 20678 20678
11 10 13585 13585
11 12 1179 1179
12 11 1000 1000
12 13 755 755
13 12 262 262
13 14 25354 25354
14 13 21116 21116
14 15 178 178
15 14 175 175
15 16 585 585
16 15 1139 1139
16 17 608 608
17 16 32 32
17 18 542 542
18 17 32 32
18 19 1320 1320
19 18 1156 1156
19 20 452 452
20 19 536 536
20 21 4533 4533
21 20 933 933
21 22 2931 2931
22 21 2975 2975
22 23 1166 1166
23 22 351 351
23 24 908 908
24 23 908 908
24 25 268 268
25 24 274 274
25 26 1119 1119
26 25 488 488
26 27 3641 3641
27 26 12 12
27 28 1292 1292
28 27 626 626
28 29 1322 1322
29 28 609 609
29 30 995 995
30 29 995 995
30 31 1421 1421
31 30 1259 1259
31 32 970 970
32 31 217 217
32 33 1367 1367
33 32 1387 1387
33 34 2089 2089
34 33 64 64
34 35 1332 1332
35 34 254 254
35 36 1664 1664
36 35 100 100
36 37 5832 5832
37 36 21 21
37 38 466 466
38 37 64 64
38 39 16146 16146
39 38 16137 16137
39 40 438 438
40 39 145270 145270
40 41 152722 152722
41 40 20623 20623
41 42 14114 14114
42 41 13637 13637
42 43 16855 16855
43 42 13738 13738
43 44 16702 16702
44 43 16858 16858
44 45 3766 3766
45 44 3782 3782
45 46 403 403
46 45 35 35
46 47 12682 12682
47 46 10350 10350
47 48 33192 33192
48 47 47 47
48 49 789 789
49 48 789 789
49 50 16434 16434
50 49 14713 14713
50 51 115 115
51 50 3 3
51 52 8828 8828
52 51 94 94
52 53 17714 17714
53 52 29160 29160
53 54 369 369
54 53 507 507
54 55 4076 4076
55 54 35 35
55 56 688 688
56 55 456 456
56 57 218 218
56 58 218 218
57 56 218 218
57 58 0 0
58 56 218 218
58 57 0 0
58 59 55 55
58 60 55 55
59 58 55 55
59 60 0 0
60 58 55 55
60 59 0 0
60 61 4320 4320
61 60 35 35
61 62 66 66
61 64 157 157
62 61 57 57
62 63 91 91
63 62 84 84
63 64 0 0
64 61 141 141
64 63 0 0
64 65 3097 3097
65 64 395 395
65 66 437 437
66 65 418 418
66 67 7785 7785
67 66 728 728
67 68 2544 2544
68 67 35 35
68 69 4013 4013
68 70 4013 4013
69 68 148 148
69 70 0 0
70 68 148 148
70 69 0 0
70 71 121 121
71 70 32 32
71 72 304 304
72 71 294 294
72 73 142 142
73 72 32 32
73 74 4957 4957
74 73 35 35
74 75 169 169
75 74 55 55
75 76 390 390
76 75 38 38
76 77 27541 27541
77 76 22037 22037
77 78 485 485
78 77 32 32
78 79 244 244
79 78 32 32
79 80 672 672
80 79 56 56
80 81 1188 1188
80 83 651 651
81 80 2216 2216
81 82 118 118
82 81 139 139
82 84 653 653
83 80 35 35
83 84 1059 1059
84 83 2189 2189
84 82 118 118
84 85 14729 14729
85 84 15537 15537
85 86 256 256
86 85 339 339
86 87 290 290
87 86 116 116
87 88 638 638
88 87 455 455
88 89 261 261
89 88 251 251
89 90 32 32
90 89 31 31
90 91 991207 991207
91 90 2327 2327
91 92 128 128
92 91 128 128
92 93 1743 1743
92 94 16771293 16771293
92 95 9206362 9206362
92 96 16771293 16771293
93 92 6 6
93 110 2978 2978
94 92 9 9
94 96 0 0
95 92 6 6
95 97 16771293 16771293
95 119 3116 3116
96 92 9 9
96 94 0 0
96 97 9206362 9206362
97 96 6 6
97 95 9 9
97 98 8420829 8420829
97 99 8420829 8420829
98 97 6 6
98 99 0 0
99 97 6 6
99 98 0 0
99 100 215 215
100 99 184 184
100 101 19946277 19946277
100 102 27830757 27830757
100 105 41200835 41200835
100 125 59445145 59445145
101 100 9 9
101 103 61847124 61847124
102 100 9 9
102 103 0 0
103 102 0 0
103 101 39604483 39604483
103 104 100895031 100895031
104 103 62072644 62072644
104 105 0 0
105 100 9 9
105 104 0 0
105 106 13256470 13256470
105 107 13256470 13256470
106 105 9 9
106 107 0 0
107 105 9 9
107 106 0 0
107 108 22821300 22821300
108 107 195 195
108 109 3594368 3594368
109 108 9 9
109 112 3046 3046
109 113 6431414 6431414
110 93 2031 2031
110 111 296 296
111 110 6 6
111 112 115271333 115271333
112 109 27 27
112 111 237 237
112 116 20614753 20614753
112 117 11648019 11648019
113 109 9 9
113 114 19358645 19358645
114 113 12 12
114 115 3 3
115 114 5175306 5175306
115 116 3046 3046
115 129 3700 3700
116 112 18 18
116 115 27 27
116 120 17818285 17818285
116 122 25133561 25133561
117 112 9 9
117 118 54 54
118 117 26 26
118 132 179255937 179255937
118 133 25541 25541
119 95 3557 3557
119 123 161022693 161022693
119 137 6285783 6285783
120 116 15 15
120 121 57548604 57548604
121 120 36542809 36542809
121 122 0 0
122 116 15 15
122 121 0 0
122 123 9205921 9205921
123 122 6 6
123 119 297 297
123 126 59445145 59445145
124 125 35629578 35629578
125 124 312 312
125 100 63 63
125 126 135830254 135830254
126 123 63 63
126 125 288 288
126 127 52669818 52669818
126 128 52669818 52669818
127 126 12 12
127 128 0 0
128 126 12 12
128 127 0 0
128 131 12186739 12186739
129 115 3 3
129 130 12183081 12183081
130 129 75 75
130 131 146457491 146457491
130 149 12186685 12186685
131 128 9 9
131 130 123 123
131 132 11648050 11648050
132 131 9 9
132 118 123 123
132 136 9756604 9756604
132 138 9756604 9756604
133 118 9 9
133 134 257 257
134 133 253 253
134 135 2960 2960
135 134 2876 2876
135 142 7159535 7159535
136 132 12 12
136 138 0 0
136 141 6285783 6285783
137 119 6 6
137 139 306729049 306729049
137 140 7966402 7966402
138 132 12 12
138 136 0 0
138 139 6285783 6285783
139 138 6 6
139 137 402 402
139 141 0 0
139 143 7966402 7966402
140 137 6 6
140 143 306729049 306729049
140 150 14154672 14154672
141 136 6 6
141 139 0 0
141 152 69863775 69863775
141 153 69863775 69863775
142 135 9 9
142 144 203264726 203264726
142 159 6386939 6386939
143 139 6 6
143 140 402 402
143 144 7185101 7185101
144 143 18 18
144 142 147 147
144 145 11093128 11093128
144 146 11093128 11093128
145 144 6 6
145 146 0 0
145 185 15226396 15226396
146 144 6 6
146 145 0 0
146 147 29464472 29464472
146 148 29464472 29464472
147 146 12 12
147 148 0 0
148 146 12 12
148 147 0 0
148 151 14154672 14154672
149 130 9 9
149 158 9940494 9940494
150 140 6 6
150 151 354471750 354471750
150 169 8476511 8476511
151 148 6 6
151 150 438 438
151 152 0 0
152 151 0 0
152 141 48 48
152 153 0 0
152 157 55169630 55169630
153 141 48 48
153 152 0 0
153 154 55169542 55169542
154 153 15 15
154 155 108 108
155 154 62 62
155 156 30 30
156 155 23 23
156 157 0 0
156 189 203568054 203568054
157 152 38 38
157 156 0 0
157 161 17362868 17362868
158 149 12183211 12183211
158 160 7418894 7418894
159 142 9 9
159 162 330509496 330509496
159 163 1252133 1252133
160 158 9 9
160 161 299181313 299181313
160 164 38997381 38997381
161 157 24 24
161 160 213 213
161 162 6386939 6386939
162 161 9 9
162 159 233 233
162 165 1252133 1252133
163 159 6 6
163 165 330509496 330509496
163 170 7718095 7718095
164 160 15 15
164 166 306820385 306820385
164 167 26960815 26960815
165 162 6 6
165 163 233 233
165 166 38997381 38997381
166 165 15 15
166 164 228 228
166 168 26960815 26960815
167 164 15 15
167 168 306820385 306820385
167 186 8174781 8174781
168 166 15 15
168 167 228 228
168 171 7718095 7718095
169 150 6 6
169 174 552 552
170 163 18 18
170 171 396467692 396467692
170 175 31100 31100
171 168 18 18
171 170 263 263
171 172 18257125 18257125
171 173 18257125 18257125
172 171 9 9
172 173 0 0
173 171 9 9
173 172 0 0
173 176 8476625 8476625
174 169 125 125
174 176 526576716 526576716
174 208 3590299 3590299
175 170 6 6
175 177 423201442 423201442
175 178 2082143 2082143
176 173 6 6
176 174 549 549
176 177 31100 31100
177 176 6 6
177 175 278 278
177 180 2082156 2082156
178 175 9 9
178 179 70 70
179 178 57 57
179 180 423201442 423201442
179 183 4744 4744
180 177 9 9
180 179 278 278
180 181 23379964 23379964
181 180 45 45
181 182 29259980 29259980
182 181 18 18
182 184 4744 4744
183 179 3851 3851
183 184 475841386 475841386
183 202 6108713 6108713
184 182 3851 3851
184 183 341 341
184 187 15226396 15226396
185 145 9 9
185 187 278955651 278955651
186 167 9 9
186 188 411252095 411252095
186 198 19924671 19924671
187 184 9 9
187 185 1477 1477
187 188 8174781 8174781
188 187 9 9
188 186 348 348
188 189 0 0
188 191 4185832 4185832
188 194 14296236 14296236
189 156 1439 1439
189 188 0 0
189 190 14296236 14296236
190 189 9 9
190 194 0 0
190 219 82184967 82184967
191 188 24 24
191 192 3 3
192 191 3 3
192 193 74 74
193 192 74 74
193 195 32 32
194 188 9 9
194 190 0 0
194 197 4185830 4185830
195 193 38 38
195 196 118 118
196 195 118 118
196 197 14296236 14296236
197 194 24 24
197 196 9 9
197 199 13498900 13498900
197 200 8797048 8797048
197 203 19924671 19924671
198 186 9 9
198 203 429734161 429734161
199 197 9 9
199 204 19924671 19924671
200 197 9 9
200 201 3 3
201 200 3 3
201 205 33423571 33423571
202 183 9 9
202 206 559945251 559945251
202 207 457529 457529
203 197 9 9
203 198 381 381
203 204 13498900 13498900
204 203 9 9
204 199 9 9
204 205 8797051 8797051
205 204 9 9
205 201 18 18
205 206 6108713 6108713
206 205 9 9
206 202 419 419
206 209 96 96
206 210 457529 457529
207 202 232269 232269
207 210 559945251 559945251
207 213 3935079 3935079
208 174 6 6
208 211 671618455 671618455
209 206 82 82
209 214 4047828 4047828
210 206 232269 232269
210 207 419 419
210 211 3590299 3590299
211 210 6 6
211 208 714 714
211 212 16564093 16564093
211 214 96 96
212 211 9 9
212 215 96 96
213 207 12 12
213 216 580099739 580099739
214 211 82 82
214 209 232275 232275
214 215 16564093 16564093
215 214 9 9
215 212 82 82
215 216 3935079 3935079
216 215 12 12
216 213 516 516
216 217 5504543 5504543
216 218 5504543 5504543
217 216 9 9
217 218 0 0
218 216 9 9
218 217 0 0
218 219 0 0
218 221 11858073 11858073
219 190 178 178
219 218 0 0
219 220 11858073 11858073
220 219 15 15
220 221 0 0
221 218 15 15
221 220 0 0
221 222 7152503 7152503
221 223 49 49
221 224 7152503 7152503
222 221 18 18
222 224 0 0
223 221 35 35
223 225 7152503 7152503
224 221 18 18
224 222 0 0
224 225 49 49
225 224 35 35
225 223 18 18
225 226 2204 2204
225 227 1326 1326
225 228 1085 1085
225 230 1581 1581
225 231 1178 1178
225 232 1178 1178
226 225 304 304
226 239 6051 6051
227 225 277 277
227 233 1178 1178
228 225 193 193
228 229 518 518
229 228 450 450
229 234 2504 2504
230 225 246 246
230 240 8255 8255
231 225 247 247
231 232 0 0
232 225 247 247
232 231 0 0
232 233 1326 1326
233 232 277 277
233 227 247 247
233 234 1576 1576
234 233 614 614
234 229 524 524
234 235 851 851
234 236 1120 1120
234 237 1120 1120
235 234 181 181
235 238 1120 1120
236 234 259 259
236 237 0 0
237 234 259 259
237 236 0 0
237 238 851 851
238 237 181 181
238 235 259 259
238 239 2204 2204
239 238 304 304
239 226 1578 1578
239 240 1581 1581
240 239 246 246
240 230 1882 1882
240 241 574 574
241 240 573 573
241 242 2001 2001
241 243 551 551
241 244 551 551
242 241 343 343
242 245 551 551
243 241 551 551
243 244 0 0
244 241 551 551
244 243 0 0
244 245 2001 2001
245 244 343 343
245 242 551 551
245 246 2123 2123
246 245 603 603
