0 1 6645 0
0 2 6885 0
0 3 6886 0
0 4 6886 0
0 5 6989 0
0 6 8954 0
0 7 9017 0
0 8 9047 0
0 9 152335 0
0 10 152335 0
0 11 162356 0
0 12 162481 0
0 13 163094 0
0 14 163219 0
0 15 163222 0
0 16 163082 0
0 17 163337 0
0 18 163598 0
0 19 163690 0
0 20 163633 0
0 21 166065 0
0 22 166021 0
0 23 166239 0
0 24 166239 0
0 25 166233 0
0 26 166720 0
0 27 170548 0
0 28 170998 0
0 29 171477 0
0 30 171477 0
0 31 171710 0
0 32 172310 0
0 33 172290 0
0 34 173565 0
0 35 174357 0
0 36 175322 0
0 37 181533 0
0 38 181833 0
0 39 181842 0
0 40 28629 0
0 41 158712 0
0 42 163328 0
0 43 166445 0
0 44 166286 0
0 45 166100 0
0 46 166249 0
0 47 168530 0
0 48 201329 0
0 49 201329 0
0 50 202204 0
0 51 202319 0
0 52 210995 0
0 53 214084 0
0 54 214079 0
0 55 218078 0
0 56 218139 0
0 57 218142 0
0 58 218142 0
0 59 218142 0
0 60 218142 0
0 61 222398 0
0 62 222407 0
0 63 222417 0
0 64 222417 0
0 65 225106 0
0 66 225131 0
0 67 232003 0
0 68 234470 0
0 69 235491 0
0 70 235491 0
0 71 235565 0
0 72 235575 0
0 73 235652 0
0 74 240547 0
0 75 240622 0
0 76 240809 0
0 77 246133 0
0 78 246472 0
0 79 246624 0
0 80 247111 0
0 81 246698 0
0 82 246677 0
0 83 247337 0
0 84 246861 0
0 85 246053 0
0 86 246075 0
0 87 246216 0
0 88 246435 0
0 89 246445 0
0 90 246443 0
0 91 1238467 0
0 92 1238467 0
0 93 1240210 0
0 94 18009946 0
0 95 10445068 0
0 96 18009946 0
0 97 27216547 0
0 98 35637540 0
0 99 35637540 0
0 100 35637578 0
0 101 55584059 0
0 102 63468539 0
0 103 63468539 0
0 104 76838617 0
0 105 76838617 0
0 106 90095292 0
0 107 90095292 0
0 108 112922003 0
0 109 116516257 0
0 110 1241403 0
0 111 1241699 0
0 112 116519489 0
0 113 122947885 0
0 114 142306781 0
0 115 137131434 0
0 116 137134666 0
0 117 128167651 0
0 118 128167682 0
0 119 10444604 0
0 120 154953233 0
0 121 162268509 0
0 122 162268509 0
0 123 171474646 0
0 124 59446477 0
0 125 95084055 0
0 126 230921123 0
0 127 283591184 0
0 128 283591184 0
0 129 137135175 0
0 130 149318332 0
0 131 295778082 0
0 132 307426275 0
0 133 128193429 0
0 134 128193437 0
0 135 128193458 0
0 136 317183134 0
0 137 16730560 0
0 138 317183134 0
0 139 323469090 0
0 140 24697102 0
0 141 323469090 0
0 142 135353184 0
0 143 331435632 0
0 144 338621134 0
0 145 349714438 0
0 146 349714438 0
0 147 379179147 0
0 148 379179147 0
0 149 161505191 0
0 150 38851924 0
0 151 393333969 0
0 152 393333969 0
0 153 393333969 0
0 154 448503789 0
0 155 448503847 0
0 156 448503857 0
0 157 448503857 0
0 158 159262598 0
0 159 141740321 0
0 160 166681716 0
0 161 465867241 0
0 162 472254378 0
0 163 142992615 0
0 164 205679414 0
0 165 473506672 0
0 166 512504370 0
0 167 232640585 0
0 168 539465541 0
0 169 47328615 0
0 170 150711003 0
0 171 547183929 0
0 172 565441241 0
0 173 565441241 0
0 174 47328729 0
0 175 150742257 0
0 176 573918046 0
0 177 573949300 0
0 178 152824610 0
0 179 152824623 0
0 180 576031666 0
0 181 599412668 0
0 182 628673180 0
0 183 152824892 0
0 184 628673449 0
0 185 364941074 0
0 186 240815609 0
0 187 643900085 0
0 188 652075109 0
0 189 652075109 0
0 190 666371557 0
0 191 656261364 0
0 192 656261369 0
0 193 656261375 0
0 194 666371557 0
0 195 656261365 0
0 196 656261365 0
0 197 670557813 0
0 198 260740512 0
0 199 684056919 0
0 200 679355053 0
0 201 679355056 0
0 202 158933836 0
0 203 690482716 0
0 204 703981822 0
0 205 712779065 0
0 206 718888009 0
0 207 159009528 0
0 208 50919201 0
0 209 718888029 0
0 210 718963701 0
0 211 722554173 0
0 212 739118459 0
0 213 162944888 0
0 214 722554193 0
0 215 739118479 0
0 216 743053839 0
0 217 748558566 0
0 218 748558566 0
0 219 748558566 0
0 220 760416902 0
0 221 760416902 0
0 222 767569782 0
0 223 760416922 0
0 224 767569782 0
0 225 767569802 0
0 226 767571612 0
0 227 767570980 0
0 228 767570826 0
0 229 767570915 0
0 230 767571278 0
0 231 767570688 0
0 232 767570688 0
0 233 767571866 0
0 234 767572979 0
0 235 767573736 0
0 236 767573786 0
0 237 767573786 0
0 238 767574543 0
0 239 767576353 0
0 240 767577829 0
0 241 767577830 0
0 242 767579629 0
0 243 767577830 0
0 244 767577830 0
0 245 767579629 0
0 246 767580054 0
1 11 156522 156522
1 15 161515 161515
1 44 172841 172841
1 62 229909 229909
1 76 248866 248866
1 93 1245310 1245310
1 95 10449929 10449929
1 96 18014860 18014860
1 98 35642051 35642051
1 104 76842917 76842917
1 161 465860573 465860573
1 181 599402906 599402906
1 191 656250164 656250164
1 194 666360568 666360568
1 221 760403532 760403532
1 222 767556035 767556035
1 237 767560039 767560039
2 18 161816 161816
2 20 161860 161860
2 37 182088 182088
2 39 182469 182469
2 45 172839 172839
2 75 248523 248523
2 82 254617 254617
2 94 18014875 18014875
2 95 10449944 10449944
2 101 55588374 55588374
2 104 76842932 76842932
2 113 122946329 122946329
2 115 137129668 137129668
2 121 162266275 162266275
2 139 323464335 323464335
2 149 161503092 161503092
2 155 448497710 448497710
2 168 539457856 539457856
2 173 565433076 565433076
2 177 573940801 573940801
2 183 152821804 152821804
2 204 703969984 703969984
2 209 718875768 718875768
2 220 760403547 760403547
2 230 767557546 767557546
2 245 767565897 767565897
3 7 11663 11663
3 9 147837 147837
3 20 161863 161863
3 36 176259 176259
3 39 182472 182472
3 53 221521 221521
3 57 225627 225627
3 73 243487 243487
3 82 254620 254620
3 110 1246335 1246335
3 127 283587162 283587162
3 137 16735289 16735289
3 157 448497723 448497723
3 174 47332988 47332988
3 205 712767038 712767038
3 218 748545477 748545477
3 229 767557186 767557186
4 25 165987 165987
4 33 172061 172061
4 39 182455 182455
4 51 209488 209488
4 117 128165983 128165983
4 168 539457859 539457859
4 211 722541742 722541742
5 21 165224 165224
5 27 170195 170195
5 32 172089 172089
5 38 182454 182454
5 75 248534 248534
5 98 35642077 35642077
5 144 338615849 338615849
5 147 379173449 379173449
5 156 448497731 448497731
5 157 448497731 448497731
5 193 656250198 656250198
5 231 767556967 767556967
5 243 767564109 767564109
6 21 155121 155121
6 22 155077 155077
6 37 173317 173317
6 45 172849 172849
6 71 243369 243369
6 72 243379 243379
6 73 243492 243492
6 80 255697 255697
6 91 1243590 1243590
6 94 18014883 18014883
6 96 18014883 18014883
6 100 35642105 35642105
6 123 171472204 171472204
6 133 128191560 128191560
6 140 24701696 24701696
6 155 448497718 448497718
6 181 599402929 599402929
6 185 364935370 364935370
6 190 666360591 666360591
6 203 690471092 690471092
6 233 767558142 767558142
6 246 767567432 767567432
7 3 9319 9319
7 11 156470 156470
7 51 209493 209493
7 98 35642074 35642074
7 126 230917349 230917349
7 139 323464343 323464343
7 150 38856368 38856368
7 172 565433084 565433084
7 175 150739387 150739387
7 232 767556964 767556964
7 236 767560062 767560062
8 9 136214 136214
8 92 1243609 1243609
8 158 159260408 159260408
8 159 141738078 141738078
8 182 628662928 628662928
8 184 628663197 628663197
8 191 656250206 656250206
8 206 718875775 718875775
8 225 767556097 767556097
8 239 767562648 767562648
8 244 767564125 767564125
9 3 9729 9729
9 8 488 488
9 14 15221 15221
9 83 256733 256733
9 89 255061 255061
9 154 448498076 448498076
9 172 565433500 565433500
9 181 599403345 599403345
9 204 703970408 703970408
9 240 767564521 767564521
10 22 18788 18788
10 45 173263 173263
10 74 248836 248836
10 83 256733 256733
10 95 10450368 10450368
10 105 76843356 76843356
10 111 1247052 1247052
10 118 128166435 128166435
10 130 149316831 149316831
10 160 166679699 166679699
10 179 152821959 152821959
10 198 260737347 260737347
10 200 679343885 679343885
10 207 159006633 159006633
10 235 767560428 767560428
11 1 10513 10513
11 7 13613 13613
11 14 25707 25707
11 28 34939 34939
11 55 226027 226027
11 79 255535 255535
11 132 307422406 307422406
11 143 331431195 331431195
11 148 379173896 379173896
11 158 159260839 159260839
11 169 47333329 47333329
11 182 628663359 628663359
11 198 260737381 260737381
11 221 760404005 760404005
11 222 767556508 767556508
12 78 255320 255320
12 132 307422406 307422406
12 149 161503550 161503550
12 197 670546871 670546871
12 200 679343919 679343919
12 222 767556508 767556508
12 239 767563079 767563079
12 243 767564556 767564556
13 37 45986 45986
13 46 173304 173304
13 92 1243886 1243886
13 128 283587463 283587463
13 129 137133672 137133672
13 131 295774202 295774202
13 144 338616142 338616142
13 147 379173742 379173742
13 148 379173742 379173742
13 160 166679579 166679579
13 164 205676960 205676960
13 165 473499964 473499964
13 190 666360887 666360887
13 195 656250481 656250481
13 204 703970288 703970288
14 9 3161 3161
14 11 20740 20740
14 38 28206 28206
14 40 28412 28412
14 50 201744 201744
14 80 248665 248665
14 100 35636168 35636168
14 105 76837003 76837003
14 113 122940400 122940400
14 117 128160051 128160051
14 148 379167509 379167509
14 150 38850431 38850431
14 192 656244252 656244252
14 194 666354654 666354654
15 1 10536 10536
15 16 585 585
15 20 1807 1807
15 52 210483 210483
15 53 213746 213746
15 57 217852 217852
15 63 222162 222162
15 83 249140 249140
15 96 18008800 18008800
15 112 116511886 116511886
15 125 95081167 95081167
15 139 323458260 323458260
15 147 379167363 379167363
15 151 393322035 393322035
15 171 547169876 547169876
15 174 47326910 47326910
15 195 656244102 656244102
16 15 1139 1139
16 27 12392 12392
16 71 236192 236192
16 77 247226 247226
16 81 248172 248172
16 97 27215162 27215162
16 111 1240553 1240553
16 126 230911266 230911266
16 134 128185481 128185481
16 165 473493585 473493585
16 170 150702204 150702204
16 177 573934726 573934726
16 185 364929287 364929287
16 196 656244102 656244102
16 215 739099777 739099777
16 228 767551019 767551019
17 25 8123 8123
17 31 16035 16035
17 56 217852 217852
17 89 248174 248174
17 104 76836860 76836860
17 133 128185480 128185480
17 153 393322038 393322038
17 170 150702207 150702207
17 215 739099780 739099780
17 246 767561349 767561349
18 2 11364 11364
18 35 20226 20226
18 45 165074 165074
18 119 10443434 10443434
18 158 159254312 159254312
18 171 547169882 547169882
18 197 670540344 670540344
18 200 679337392 679337392
18 213 162935219 162935219
18 220 760397478 760397478
18 221 760397478 760397478
19 36 20546 20546
19 51 201124 201124
19 54 213152 213152
19 60 217263 217263
19 79 247308 247308
19 87 247380 247380
19 92 1236918 1236918
19 106 90092738 90092738
19 122 162259611 162259611
19 145 349702302 349702302
19 166 512490377 512490377
19 207 158999545 158999545
19 218 748538810 748538810
20 2 11364 11364
20 3 11365 11365
20 15 1195 1195
20 30 13553 13553
20 75 240766 240766
20 87 247380 247380
20 111 1239964 1239964
20 118 128159347 128159347
20 135 128184913 128184913
20 147 379166774 379166774
20 170 150701615 150701615
20 176 573903037 573903037
20 233 767551470 767551470
20 242 767559233 767559233
20 244 767557434 767557434
21 5 11528 11528
21 6 3387 3387
21 41 160354 160354
21 91 1236419 1236419
21 106 90092239 90092239
21 127 283579996 283579996
21 145 349701803 349701803
21 154 448490489 448490489
21 166 512489878 512489878
21 174 47325822 47325822
21 194 666353420 666353420
21 207 158999046 158999046
21 208 50916121 50916121
21 236 767552891 767552891
21 241 767556935 767556935
22 6 3387 3387
22 10 3096 3096
22 39 35365 35365
22 45 163544 163544
22 82 246627 246627
22 102 63465255 63465255
22 104 76835333 76835333
22 124 59445556 59445556
22 130 149308808 149308808
22 138 317170953 317170953
22 143 331423138 331423138
22 183 152814205 152814205
22 184 628655571 628655571
22 213 162933689 162933689
23 66 223377 223377
23 71 234674 234674
23 91 1235989 1235989
23 116 137125121 137125121
23 131 295766305 295766305
23 168 539450263 539450263
23 175 150731786 150731786
23 178 152813929 152813929
23 222 767548457 767548457
24 47 166042 166042
24 112 116510368 116510368
24 115 137122075 137122075
24 124 59445556 59445556
24 127 283579566 283579566
24 152 393320517 393320517
24 195 656242584 656242584
24 201 679335871 679335871
24 205 712759442 712759442
24 206 718868155 718868155
24 222 767548457 767548457
24 235 767552411 767552411
25 4 11378 11378
25 17 3168 3168
25 36 16771 16771
25 83 247362 247362
25 87 246191 246191
25 92 1235729 1235729
25 108 112912849 112912849
25 166 512489188 512489188
25 177 573932948 573932948
25 196 656242324 656242324
25 221 760395694 760395694
25 237 767552201 767552201
25 238 767552958 767552958
26 39 33464 33464
26 60 215576 215576
26 68 232803 232803
26 78 245406 245406
26 97 27212886 27212886
26 162 472239176 472239176
26 165 473491309 473491309
26 210 718943089 718943089
26 216 743032580 743032580
26 227 767548897 767548897
26 238 767552460 767552460
27 5 11546 11546
27 16 2601 2601
27 31 4916 4916
27 54 211477 211477
27 64 219898 219898
27 78 245418 245418
27 99 35633727 35633727
27 104 76834593 76834593
27 155 448489371 448489371
27 162 472239188 472239188
27 166 512488702 512488702
27 196 656241838 656241838
27 232 767548617 767548617
27 245 767557558 767557558
28 11 20785 20785
28 53 210905 210905
28 85 245037 245037
28 117 128157064 128157064
28 126 230908425 230908425
28 132 307413032 307413032
28 146 349700050 349700050
28 148 379164522 379164522
28 178 152812606 152812606
28 182 628653985 628653985
28 190 666351667 666351667
28 200 679334545 679334545
28 202 158921601 158921601
28 205 712758119 712758119
28 220 760394631 760394631
29 58 214412 214412
29 61 218703 218703
29 67 229124 229124
29 76 238273 238273
29 87 244529 244529
29 94 18005360 18005360
29 131 295764383 295764383
29 139 323454820 323454820
29 141 323454820 323454820
29 150 38846845 38846845
29 151 393318595 393318595
29 154 448488137 448488137
29 171 547166436 547166436
29 201 679333949 679333949
29 218 748535959 748535959
29 226 767548365 767548365
29 232 767547441 767547441
30 20 3549 3549
30 67 228691 228691
30 101 55578426 55578426
30 108 112910754 112910754
30 136 317168604 317168604
30 139 323454387 323454387
30 157 448487772 448487772
30 183 152811856 152811856
30 241 767554150 767554150
31 17 5279 5279
31 27 3375 3375
31 37 13094 13094
31 60 213381 213381
31 112 116507419 116507419
31 135 128181035 128181035
31 138 317168010 317168010
31 213 162930746 162930746
31 217 748534932 748534932
31 219 748534932 748534932
31 236 767549512 767549512
32 5 11555 11555
32 46 159813 159813
32 48 195319 195319
32 74 235872 235872
32 82 243118 243118
32 144 338604848 338604848
32 147 379162448 379162448
32 175 150728389 150728389
32 212 739094842 739094842
32 243 767553108 767553108
33 4 11399 11399
33 39 25989 25989
33 63 216161 216161
33 66 218894 218894
33 93 1233738 1233738
33 112 116506374 116506374
33 114 142293387 142293387
33 149 161491505 161491505
33 167 232625884 232625884
33 186 240800665 240800665
33 189 652052760 652052760
33 211 722530152 722530152
34 50 194882 194882
34 99 35629764 35629764
34 130 149304105 149304105
34 139 323452033 323452033
34 164 205664354 205664354
34 197 670534111 670534111
34 201 679331162 679331162
34 230 767545244 767545244
35 18 6144 6144
35 50 194283 194283
35 61 214828 214828
35 81 241228 241228
35 190 666347682 666347682
35 207 158993308 158993308
35 222 767543149 767543149
35 230 767544645 767544645
35 242 767552996 767552996
36 3 11428 11428
36 19 5064 5064
36 25 5570 5570
36 66 216801 216801
36 84 240963 240963
36 87 240312 240312
36 90 240512 240512
36 130 149302727 149302727
36 167 232623791 232623791
36 194 666346903 666346903
36 205 712753355 712753355
36 206 718862068 718862068
36 218 748531794 748531794
36 230 767543866 767543866
37 2 11448 11448
37 6 4785 4785
37 13 21274 21274
37 31 1883 1883
37 42 154051 154051
37 51 193640 193640
37 64 214089 214089
37 66 216822 216822
37 121 162252616 162252616
37 128 283573500 283573500
37 174 47319326 47319326
37 213 162927629 162927629
37 222 767542391 767542391
37 228 767543435 767543435
37 244 767550439 767550439
38 5 11591 11591
38 14 5812 5812
38 61 213861 213861
38 94 18001007 18001007
38 124 59445589 59445589
38 152 393314242 393314242
38 177 573926933 573926933
38 208 50909416 50909416
38 225 767542202 767542202
39 2 11451 11451
39 3 11452 11452
39 4 11435 11435
39 22 17133 17133
39 26 16672 16672
39 33 15100 15100
39 62 213870 213870
39 66 216613 216613
39 74 232994 232994
39 81 240261 240261
39 101 55574506 55574506
39 103 63458986 63458986
39 187 643875698 643875698
39 204 703956116 703956116
39 212 739091964 739091964
39 235 767546136 767546136
39 240 767550229 767550229
39 241 767550230 767550230
40 14 150841 150841
40 46 156497 156497
40 84 240337 240337
40 97 27206931 27206931
40 119 10435197 10435197
40 148 379159132 379159132
40 172 565418770 565418770
40 179 152807229 152807229
40 213 162926982 162926982
40 221 760389241 760389241
40 244 767549792 767549792
41 21 154950 154950
41 100 35488624 35488624
41 101 55434901 55434901
41 108 112767229 112767229
41 126 230763868 230763868
41 143 331277264 331277264
41 145 349555493 349555493
41 147 379019965 379019965
41 152 393174637 393174637
41 193 656096714 656096714
41 226 767404387 767404387
41 231 767403463 767403463
41 232 767403463 767403463
41 236 767406748 767406748
41 237 767406748 767406748
42 37 165896 165896
42 74 92086 92086
42 93 1091635 1091635
42 95 10296254 10296254
42 138 317024862 317024862
42 153 393174420 393174420
42 171 547022261 547022261
42 179 152667845 152667845
42 217 748391784 748391784
42 225 767402360 767402360
43 52 61954 61954
43 54 65256 65256
43 94 17861185 17861185
43 103 63319164 63319164
43 131 295620208 295620208
43 145 349555276 349555276
43 148 379019748 379019748
43 165 473345970 473345970
43 173 565279386 565279386
43 181 599249231 599249231
43 210 718797750 718797750
43 213 162787598 162787598
43 215 738952162 738952162
43 232 767403246 767403246
43 240 767410574 767410574
44 1 10359 10359
44 61 69489 69489
44 70 82570 82570
44 85 100726 100726
44 94 17861773 17861773
44 100 35488995 35488995
44 104 76689830 76689830
44 124 59445307 59445307
44 134 128038454 128038454
44 174 47179883 47179883
44 185 364782260 364782260
44 190 666207481 666207481
44 202 158777415 158777415
44 206 718722646 718722646
44 218 748392372 748392372
44 221 760250445 760250445
44 229 767404102 767404102
45 2 11184 11184
45 6 13302 13302
45 10 149714 149714
45 18 152569 152569
45 22 154675 154675
45 53 59344 59344
45 113 122807869 122807869
45 118 128027551 128027551
45 175 150600919 150600919
45 186 240673792 240673792
45 189 651925887 651925887
45 210 718812980 718812980
46 13 157428 157428
46 32 158107 158107
46 40 20828 20828
46 70 85125 85125
46 95 10311089 10311089
46 106 89960547 89960547
46 113 122807474 122807474
46 119 10310648 10310648
46 166 512358186 512358186
46 220 760264692 760264692
47 24 155507 155507
47 62 55469 55469
47 86 112568 112568
47 87 112809 112809
47 90 113009 113009
47 126 230776164 230776164
47 180 575881780 575881780
47 215 738964675 738964675
47 219 748404297 748404297
47 238 767419890 767419890
47 246 767426499 767426499
48 32 158136 158136
48 81 95508 95508
48 83 96084 96084
48 120 154802955 154802955
48 156 448349676 448349676
48 158 159112337 159112337
48 159 141590007 141590007
48 160 166531231 166531231
48 176 573761657 573761657
48 184 628515126 628515126
48 185 364787318 364787318
48 194 666212539 666212539
48 195 656102133 656102133
48 204 703821940 703821940
48 219 748397430 748397430
48 227 767409263 767409263
49 66 50320 50320
49 97 27073193 27073193
49 104 76694888 76694888
49 131 295625854 295625854
49 152 393180066 393180066
49 158 159112337 159112337
49 164 205528612 205528612
49 174 47184941 47184941
49 191 656102135 656102135
49 213 162793244 162793244
49 229 767409160 767409160
50 14 152203 152203
50 34 158829 158829
50 35 159308 159308
50 61 35752 35752
50 85 94379 94379
50 125 94927791 94927791
50 136 317019101 317019101
50 170 150548828 150548828
50 197 670386962 670386962
50 225 767396640 767396640
50 237 767400859 767400859
51 4 11218 11218
51 7 13567 13567
51 19 152170 152170
51 37 165928 165928
51 104 76683366 76683366
51 112 116358395 116358395
51 117 128006414 128006414
51 139 323304769 323304769
51 154 448338086 448338086
51 158 159100815 159100815
51 168 539298290 539298290
51 183 152662238 152662238
51 185 364775796 364775796
51 196 656090611 656090611
51 204 703810418 703810418
51 211 722382173 722382173
51 214 722382193 722382193
51 240 767404787 767404787
51 242 767406587 767406587
51 243 767404788 767404788
52 15 152075 152075
52 43 17056 17056
52 68 39985 39985
52 75 49520 49520
52 85 87024 87024
52 86 86939 86939
52 119 10282697 10282697
52 165 473332854 473332854
52 180 575856151 575856151
52 217 748378668 748378668
52 229 767390398 767390398
53 3 11254 11254
53 15 152099 152099
53 28 159161 159161
53 45 10539 10539
53 94 17832788 17832788
53 124 59445340 59445340
53 128 283405072 283405072
53 157 448315633 448315633
53 191 656068092 656068092
53 196 656068090 656068090
53 197 670364326 670364326
54 19 152206 152206
54 27 159072 159072
54 43 17124 17124
54 59 5037 5037
54 75 32145 32145
54 77 57723 57723
54 99 35459859 35459859
54 101 55406167 55406167
54 117 127983773 127983773
54 120 154768792 154768792
54 137 16553079 16553079
54 151 393145903 393145903
54 164 205494449 205494449
54 178 152639315 152639315
54 186 240630045 240630045
54 208 50741077 50741077
54 229 767374997 767374997
55 11 156925 156925
55 67 16069 16069
55 118 127980515 127980515
55 120 154765503 154765503
55 154 448312156 448312156
55 167 232451975 232451975
55 171 546990455 546990455
55 176 573724205 573724205
55 193 656064691 656064691
55 218 748359978 748359978
55 230 767372071 767372071
55 237 767374814 767374814
56 17 152130 152130
56 97 27035061 27035061
56 113 122760153 122760153
56 124 59445343 59445343
56 129 136947192 136947192
56 143 331244561 331244561
56 175 150553203 150553203
56 178 152635346 152635346
56 182 628476725 628476725
56 183 152635628 152635628
56 184 628476994 628476994
56 189 651878171 651878171
56 197 670360237 670360237
56 198 260550747 260550747
56 238 767374891 767374891
57 3 11260 11260
57 15 152105 152105
57 80 54407 54407
57 97 27034945 27034945
57 131 295587606 295587606
57 158 159074089 159074089
57 203 690284792 690284792
57 230 767371275 767371275
58 29 159281 159281
58 110 1060040 1060040
58 122 162079983 162079983
58 138 316992260 316992260
58 149 161316800 161316800
58 187 643703274 643703274
58 192 656063889 656063889
58 196 656063885 656063885
58 208 50736992 50736992
58 209 718689476 718689476
59 54 764 764
59 65 7566 7566
59 176 573723362 573723362
59 180 575836618 575836618
59 181 599216582 599216582
59 195 656063838 656063838
59 197 670360074 670360074
59 228 767370776 767370776
60 19 152212 152212
60 26 155437 155437
60 31 158361 158361
60 62 4386 4386
60 80 54352 54352
60 135 128005238 128005238
60 144 338429499 338429499
60 149 161316753 161316753
60 160 166492936 166492936
60 212 738919493 738919493
60 240 767378014 767378014
61 29 159287 159287
61 35 159359 159359
61 38 166169 166169
61 44 12504 12504
61 50 29796 29796
61 63 157 157
61 108 112730731 112730731
61 112 116327990 116327990
61 126 230727370 230727370
61 133 128001581 128001581
61 140 24511717 24511717
61 168 539267885 539267885
61 190 666170612 666170612
61 200 679153490 679153490
61 212 738915861 738915861
61 218 748355503 748355503
62 1 10440 10440
62 39 166178 166178
62 47 799 799
62 60 92 92
62 94 17824846 17824846
62 97 27031208 27031208
62 111 1056599 1056599
62 116 136942685 136942685
62 123 171282167 171282167
62 131 295583869 295583869
62 155 448307681 448307681
62 165 473309631 473309631
62 166 512307012 512307012
62 185 364745333 364745333
62 226 767367872 767367872
62 240 767374324 767374324
63 15 152111 152111
63 33 157570 157570
63 61 141 141
63 73 17680 17680
63 76 23127 23127
63 83 50761 50761
63 98 35451954 35451954
63 121 162076163 162076163
63 128 283397047 283397047
63 153 393137998 393137998
63 180 575832845 575832845
63 190 666170471 666170471
63 191 656060067 656060067
63 209 718685656 718685656
64 27 159084 159084
64 37 165976 165976
64 81 50185 50185
64 96 17824763 17824763
64 98 35451954 35451954
64 121 162076163 162076163
64 141 323274223 323274223
64 162 472057415 472057415
64 166 512306929 512306929
64 207 158816097 158816097
64 220 760213435 760213435
64 236 767370198 767370198
65 59 563 563
65 71 14858 14858
65 78 46823 46823
65 103 63280576 63280576
65 107 89907124 89907124
65 131 295581620 295581620
65 155 448305432 448305432
65 176 573717423 573717423
65 200 679151183 679151183
65 211 722349461 722349461
66 23 155582 155582
66 33 157576 157576
66 36 160150 160150
66 37 165982 165982
66 39 166184 166184
66 49 39907 39907
66 105 76650508 76650508
66 111 1054204 1054204
66 137 16542862 16542862
66 205 712574611 712574611
66 216 742848507 742848507
66 228 767364691 767364691
67 29 159905 159905
67 30 159472 159472
67 55 1758 1758
67 96 17816591 17816591
67 116 136934430 136934430
67 133 127993268 127993268
67 136 316980268 316980268
67 138 316980268 316980268
67 149 161304808 161304808
67 180 575824673 575824673
67 222 767357766 767357766
67 228 767358831 767358831
67 236 767362026 767362026
68 26 156067 156067
68 52 30569 30569
68 110 1046215 1046215
68 128 283387042 283387042
68 136 316978435 316978435
68 141 323264218 323264218
68 144 338415721 338415721
68 169 47132754 47132754
68 178 152621405 152621405
68 224 767355933 767355933
68 241 767364237 767364237
68 245 767366036 767366036
69 106 89895374 89895374
69 147 378969410 378969410
69 162 472043499 472043499
69 165 473295632 473295632
69 186 240608224 240608224
69 189 651860319 651860319
69 216 742836903 742836903
69 244 767360326 767360326
70 44 13200 13200
70 46 11961 11961
70 71 121 121
70 91 1039554 1039554
70 163 142786156 142786156
70 195 656046149 656046149
70 226 767353873 767353873
71 6 13405 13405
71 16 152184 152184
71 23 156203 156203
71 65 1319 1319
71 70 32 32
71 72 304 304
71 76 5912 5912
71 94 17810850 17810850
71 106 89895377 89895377
71 111 1042603 1042603
71 145 349504941 349504941
71 152 393124085 393124085
71 178 152617497 152617497
71 232 767352952 767352952
71 240 767360328 767360328
72 6 13405 13405
72 71 294 294
72 87 49842 49842
72 159 141534026 141534026
72 192 656046156 656046156
72 226 767353876 767353876
73 3 11293 11293
73 6 13408 13408
73 63 1319 1319
73 107 89895380 89895380
73 115 136925646 136925646
73 127 283383137 283383137
73 137 16531264 16531264
73 154 448293630 448293630
73 163 142786162 142786162
73 203 690267062 690267062
74 10 149828 149828
74 32 158856 158856
74 39 166847 166847
74 42 14992 14992
74 97 27012746 27012746
74 103 63264363 63264363
74 197 670337922 670337922
74 234 767350815 767350815
74 243 767355863 767355863
75 2 11295 11295
75 5 11452 11452
75 20 152768 152768
75 52 30994 30994
75 54 2171 2171
75 116 136924220 136924220
75 143 331222243 331222243
75 152 393119616 393119616
75 159 141529557 141529557
75 178 152613028 152613028
75 200 679134967 679134967
76 1 10476 10476
76 29 159927 159927
76 63 1378 1378
76 71 404 404
76 97 27012749 27012749
76 111 1038140 1038140
76 114 142096486 142096486
76 129 136924880 136924880
76 149 161294604 161294604
76 189 651855859 651855859
76 234 767350818 767350818
76 239 767354389 767354389
77 16 152206 152206
77 54 21893 21893
77 89 18591 18591
77 102 63237376 63237376
77 129 136897890 136897890
77 142 135115634 135115634
77 194 666125105 666125105
77 197 670310935 670310935
77 225 767320613 767320613
77 233 767322715 767322715
78 12 157107 157107
78 26 156095 156095
78 27 159736 159736
78 65 21819 21819
78 91 1007627 1007627
78 102 63236899 63236899
78 125 94851287 94851287
78 158 159024426 159024426
78 163 142754229 142754229
78 173 565197121 565197121
78 211 722305784 722305784
79 11 156985 156985
79 19 152873 152873
79 109 116278748 116278748
79 115 136893501 136893501
79 166 512260874 512260874
79 167 232401304 232401304
79 170 150472112 150472112
79 178 152585355 152585355
79 192 656014014 656014014
79 198 260500756 260500756
79 199 683809146 683809146
79 244 767328187 767328187
80 6 13440 13440
80 14 152915 152915
80 57 21572 21572
80 60 21517 21517
80 117 127929167 127929167
80 131 295537085 295537085
80 144 338379025 338379025
80 150 38619547 38619547
80 170 150471466 150471466
80 198 260500110 260500110
80 205 712530222 712530222
80 224 767319237 767319237
80 233 767321380 767321380
81 16 152899 152899
81 35 161123 161123
81 39 167942 167942
81 48 60310 60310
81 64 22679 22679
81 97 26984399 26984399
81 125 94850404 94850404
81 126 230680503 230680503
81 140 24464850 24464850
81 156 448260882 448260882
81 159 141501213 141501213
81 167 232400633 232400633
81 199 683808475 683808475
81 214 722304921 722304921
82 2 11301 11301
82 3 11302 11302
82 22 156097 156097
82 32 159951 159951
82 96 17778037 17778037
82 99 35405228 35405228
82 162 472010689 472010689
82 204 703733146 703733146
82 208 50686446 50686446
82 234 767322468 767322468
83 9 149858 149858
83 10 149858 149858
83 15 152777 152777
83 25 155976 155976
83 48 59242 59242
83 63 21611 21611
83 94 17778067 17778067
83 118 127929203 127929203
83 121 162029467 162029467
83 123 171235388 171235388
83 164 205439848 205439848
83 209 718638960 718638960
83 239 767326069 767326069
84 36 161908 161908
84 40 22672 22672
84 116 136895876 136895876
84 133 127954714 127954714
84 176 573672863 573672863
84 195 656013339 656013339
84 222 767319212 767319212
85 28 160515 160515
85 44 19883 19883
85 50 61191 61191
85 52 62682 62682
85 141 323212768 323212768
85 165 473248093 473248093
85 168 539206289 539206289
85 219 748293907 748293907
85 223 760152029 760152029
86 47 30759 30759
86 52 62680 62680
86 103 63221060 63221060
86 111 994834 994834
86 122 162014481 162014481
86 148 378921644 378921644
86 183 152570010 152570010
86 195 655998383 655998383
86 233 767306517 767306517
86 244 767312794 767312794
87 19 153560 153560
87 20 153476 153476
87 25 156652 156652
87 29 160629 160629
87 36 161974 161974
87 47 30826 30826
87 72 38790 38790
87 101 55336392 55336392
87 129 136881386 136881386
87 148 378921456 378921456
87 175 150487397 150487397
87 216 742788949 742788949
87 224 767304068 767304068
87 236 767308562 767308562
88 91 990995 990995
88 94 17762288 17762288
88 96 17762288 17762288
88 101 55335787 55335787
88 102 63220267 63220267
88 151 393075523 393075523
88 166 512244454 512244454
88 196 655997590 655997590
88 229 767304625 767304625
89 9 149840 149840
89 17 153487 153487
89 77 18348 18348
89 135 127939208 127939208
89 143 331178368 331178368
89 158 159008012 159008012
89 168 539205487 539205487
89 202 158678148 158678148
90 36 161980 161980
90 47 30832 30832
90 109 116262540 116262540
90 119 10197128 10197128
90 133 127939177 127939177
90 140 24449313 24449313
90 160 166426900 166426900
90 162 471995152 471995152
90 164 205424281 205424281
90 183 152569429 152569429
90 186 240559877 240559877
90 194 666108208 666108208
90 210 718699065 718699065
90 221 760151172 760151172
90 243 767312213 767312213
91 6 13490 13490
91 21 157041 157041
91 23 157382 157382
91 70 39353 39353
91 78 18956 18956
91 88 2104 2104
91 103 62229400 62229400
91 112 115274507 115274507
91 125 93843788 93843788
91 127 282343705 282343705
91 135 126948123 126948123
91 152 392084656 392084656
91 157 447254266 447254266
91 172 564189622 564189622
91 194 665117129 665117129
91 218 747302088 747302088
92 8 13779 13779
92 13 157606 157606
92 19 154024 154024
92 25 157116 157116
92 117 126922398 126922398
92 125 93843660 93843660
92 128 282343577 282343577
92 164 204433074 204433074
92 168 538214274 538214274
92 174 46089403 46089403
92 234 766315918 766315918
93 1 10555 10555
93 33 159922 159922
93 42 17289 17289
93 129 135889792 135889792
93 131 294530544 294530544
93 136 315935198 315935198
93 142 134107758 134107758
93 146 348465612 348465612
93 169 46089295 46089295
93 198 259493347 259493347
93 239 766320192 766320192
94 2 11383 11383
94 6 13499 13499
94 29 161102 161102
94 38 168524 168524
94 43 20409 20409
94 44 20481 20481
94 53 36642 36642
94 62 37202 37202
94 71 39454 39454
94 83 19556 19556
94 88 2113 2113
94 152 375313271 375313271
94 178 134806683 134806683
94 189 634049508 634049508
94 232 749542222 749542222
94 234 749544661 749544661
94 241 749550862 749550862
95 1 10555 10555
95 2 11380 11380
95 10 149910 149910
95 42 17289 17289
95 46 31344 31344
95 103 53022910 53022910
95 127 273137370 273137370
95 143 320980948 320980948
95 161 455410799 455410799
95 171 536726162 536726162
95 182 618213112 618213112
95 202 148480728 148480728
95 227 757107712 757107712
96 1 10558 10558
96 6 13499 13499
96 15 153926 153926
96 64 37126 37126
96 67 38732 38732
96 82 17861 17861
96 88 2113 2113
96 105 58828093 58828093
96 114 124290135 124290135
96 168 521443017 521443017
96 169 46089298 46089298
96 191 638235340 638235340
96 196 638235338 638235338
96 213 144926449 144926449
96 238 749546538 749546538
96 242 749552661 749552661
97 16 153378 153378
97 26 157264 157264
97 40 23269 23269
97 49 71484 71484
97 56 36767 36767
97 57 36651 36651
97 62 37208 37208
97 74 40036 40036
97 76 40507 40507
97 81 17888 17888
97 99 8420829 8420829
97 106 62878201 62878201
97 111 3061 3061
97 134 100970510 100970510
97 157 421276674 421276674
97 183 125600758 125600758
97 190 639139537 639139537
97 196 629029131 629029131
97 223 733182626 733182626
97 230 740336710 740336710
97 240 740344081 740344081
98 1 10570 10570
98 5 11552 11552
98 7 13745 13745
98 63 37138 37138
98 64 37138 37138
98 114 106663247 106663247
98 118 92524284 92524284
98 119 3131 3131
98 120 119309272 119309272
98 157 412855993 412855993
98 171 511534224 511534224
98 180 540381230 540381230
98 217 712903823 712903823
99 27 160911 160911
99 34 161247 161247
99 54 36466 36466
99 82 17873 17873
99 97 6 6
99 110 2771 2771
99 173 529791349 529791349
99 206 683234021 683234021
99 215 703464201 703464201
99 232 731915334 731915334
99 240 731923400 731923400
99 245 731925773 731925773
100 6 13511 13511
100 14 154081 154081
100 41 17044 17044
100 44 20493 20493
100 104 41200835 41200835
100 152 357686168 357686168
100 171 511534009 511534009
100 179 117179593 117179593
100 185 329293420 329293420
100 193 620608245 620608245
100 202 123288575 123288575
100 222 731914184 731914184
100 231 731915119 731915119
100 239 731921604 731921604
100 240 731923185 731923185
101 2 11404 11404
101 30 160690 160690
101 39 168554 168554
101 41 17053 17053
101 54 36475 36475
101 87 2556 2556
101 88 2134 2134
101 126 254877376 254877376
101 129 161093403 161093403
101 131 319733933 319733933
101 163 166950219 166950219
101 177 597900836 597900836
101 204 727930019 727930019
101 217 772505585 772505585
102 22 156591 156591
102 77 19010 19010
102 78 18986 18986
102 88 2134 2134
102 135 152243831 152243831
102 225 791608429 791608429
102 242 791619754 791619754
103 39 168554 168554
103 43 20430 20430
103 65 37683 37683
103 74 40051 40051
103 86 2570 2570
103 91 158 158
103 95 24 24
103 106 114151501 114151501
103 113 146998583 146998583
103 159 165790305 165790305
103 170 174760533 174760533
103 189 676116601 676116601
103 192 680302435 680302435
103 196 680302431 680302431
103 235 791612511 791612511
104 1 10579 10579
104 2 11404 11404
104 17 153972 153972
104 22 156591 156591
104 27 160920 160920
104 44 20502 20502
104 49 71499 71499
104 51 61805 61805
104 100 9 9
104 144 261773061 261773061
104 187 567046789 567046789
104 204 627127207 627127207
104 228 690714422 690714422
104 240 690722350 690722350
105 10 149934 149934
105 14 154090 154090
105 66 37556 37556
105 96 57 57
105 109 39672138 39672138
105 178 75978745 75978745
105 205 635924258 635924258
105 218 671702773 671702773
106 19 154063 154063
106 21 157080 157080
106 46 31377 31377
106 69 39392 39392
106 71 39484 39484
106 97 60 60
106 103 62072653 62072653
106 113 32847082 32847082
106 148 289074191 289074191
106 160 76580028 76580028
106 165 383400413 383400413
106 195 566150930 566150930
106 218 658446303 658446303
107 65 37692 37692
107 73 39607 39607
107 161 375761341 375761341
107 166 422397794 422397794
107 172 475333829 475333829
107 176 483810454 483810454
107 181 509303674 509303674
107 184 538563923 538563923
107 191 566150932 566150932
107 215 649006681 649006681
107 229 677458041 677458041
107 235 677461010 677461010
108 25 157350 157350
108 30 160894 160894
108 41 17257 17257
108 61 37476 37476
108 115 24209121 24209121
108 116 24212167 24212167
108 155 335577163 335577163
108 164 92756109 92756109
108 171 434255404 434255404
108 180 463102410 463102410
108 229 654637204 654637204
109 79 19193 19193
109 90 2564 2564
109 105 213 213
109 122 45751360 45751360
109 128 167072244 167072244
109 175 34224464 34224464
109 179 36306620 36306620
109 182 512147986 512147986
109 185 248420447 248420447
109 192 539735266 539735266
110 3 11396 11396
110 58 36657 36657
110 68 39420 39420
110 99 34398505 34398505
110 150 37612799 37612799
110 153 392081778 392081778
110 203 689224752 689224752
110 210 717705108 717705108
110 227 766311169 766311169
110 228 766310867 766310867
110 235 766313925 766313925
111 10 149931 149931
111 16 153390 153390
111 20 153967 153967
111 62 37220 37220
111 66 37553 37553
111 71 39472 39472
111 76 40519 40519
111 86 2567 2567
111 97 25977682 25977682
111 140 23458133 23458133
111 219 747298942 747298942
111 237 766314012 766314012
112 15 154181 154181
112 24 157646 157646
112 31 160492 160492
112 33 160180 160180
112 51 62039 62039
112 61 37506 37506
112 91 392 392
112 138 200660591 200660591
112 158 42745493 42745493
112 189 535546406 535546406
112 193 539732246 539732246
112 194 549842642 549842642
112 212 622587891 622587891
113 2 11620 11620
113 14 154306 154306
113 45 31611 31611
113 46 31584 31584
113 56 36998 36998
113 103 62072866 62072866
113 106 213 213
113 140 14255541 14255541
113 144 215669509 215669509
113 151 270381781 270381781
113 176 450963372 450963372
113 205 589820706 589820706
113 233 644612350 644612350
114 33 160174 160174
114 76 40750 40750
114 96 285 285
114 98 427 427
114 132 170292283 170292283
114 148 242043773 242043773
114 182 491533236 491533236
114 188 514934682 514934682
114 218 611415885 611415885
114 240 630436217 630436217
115 2 11629 11629
115 24 157637 157637
115 73 39823 39823
115 79 19211 19211
115 108 27 27
115 140 14255550 14255550
115 177 436811133 436811133
115 183 36306907 36306907
116 23 157664 157664
116 62 37475 37475
116 67 39005 39005
116 75 40416 40416
116 84 18669 18669
116 108 54 54
116 119 3392 3392
116 141 186331621 186331621
116 144 201483124 201483124
116 155 311364996 311364996
116 160 29549634 29549634
116 178 36303579 36303579
116 205 575634341 575634341
117 4 11648 11648
117 14 154333 154333
117 28 161252 161252
117 51 62048 62048
117 54 36718 36718
117 80 19199 19199
117 92 273 273
117 130 32801528 32801528
117 164 89161777 89161777
117 166 384331104 384331104
117 236 639395579 639395579
118 10 150177 150177
118 20 154213 154213
118 45 31638 31638
118 55 37473 37473
118 83 19820 19820
118 98 442 442
118 129 20618489 20618489
118 131 179255946 179255946
118 193 528084345 528084345
118 204 575804142 575804142
118 221 632237781 632237781
118 227 639391659 639391659
118 232 639391511 639391511
119 18 154461 154461
119 40 23260 23260
119 46 31344 31344
119 52 63275 63275
119 90 2333 2333
119 98 25195679 25195679
119 116 126686327 126686327
119 131 285324395 285324395
119 173 554983573 554983573
120 48 71766 71766
120 54 36742 36742
120 55 37497 37497
120 98 466 466
120 140 14255592 14255592
120 154 343779981 343779981
120 204 599252333 599252333
120 206 614158097 614158097
120 237 662843724 662843724
121 2 11671 11671
121 37 168619 168619
121 63 37414 37414
121 64 37414 37414
121 83 19844 19844
121 146 187442691 187442691
121 160 29549649 29549649
121 182 466396646 466396646
121 185 202669087 202669087
121 216 580774752 580774752
121 223 598137417 598137417
122 19 154321 154321
122 58 36933 36933
122 86 2837 2837
122 109 60 60
122 128 121320884 121320884
122 173 403166821 403166821
122 206 556609493 556609493
123 6 13793 13793
123 62 37496 37496
123 83 19850 19850
123 128 112114963 112114963
123 193 484778011 484778011
123 210 547479264 547479264
124 22 158707 158707
124 24 158925 158925
124 38 173953 173953
124 44 162213 162213
124 53 209435 209435
124 56 213421 213421
124 147 319715774 319715774
124 158 159247925 159247925
124 218 689087810 689087810
124 220 700945883 700945883
124 237 708102390 708102390
125 15 154001 154001
125 50 61862 61862
125 78 19040 19040
125 81 17957 17957
125 91 212 212
125 92 84 84
125 172 470345989 470345989
125 174 36886676 36886676
125 177 478853714 478853714
125 179 117179656 117179656
125 186 205170373 205170373
125 192 561163094 561163094
125 209 623788757 623788757
126 7 14090 14090
126 16 153729 153729
126 28 161345 161345
126 41 17389 17389
126 47 31714 31714
126 61 37608 37608
126 81 18239 18239
126 101 39721313 39721313
126 183 36303945 36303945
126 187 412972245 412972245
126 203 459553763 459553763
126 207 42488350 42488350
126 219 517628229 517628229
127 3 11753 11753
127 21 157419 157419
127 24 157760 157760
127 73 39946 39946
127 91 506 506
127 95 378 378
127 128 0 0
127 141 39877176 39877176
127 148 95586279 95586279
127 191 372663040 372663040
127 205 429179896 429179896
127 221 476816484 476816484
128 13 157984 157984
128 37 168700 168700
128 53 37011 37011
128 63 37495 37495
128 68 39777 39777
128 92 378 378
128 109 141 141
128 122 81 81
128 123 75 75
128 127 0 0
128 179 36303688 36303688
128 201 395756325 395756325
128 204 420382845 420382845
128 213 46423441 46423441
128 214 438954696 438954696
129 13 157864 157864
129 56 37010 37010
129 76 40750 40750
129 77 19238 19238
129 87 2784 2784
129 93 2001 2001
129 101 39721205 39721205
129 118 11651117 11651117
129 133 11676658 11676658
129 142 18836218 18836218
129 172 428299750 428299750
130 10 150168 150168
130 22 156825 156825
130 34 161490 161490
130 36 162754 162754
130 117 11651092 11651092
130 153 244011703 244011703
130 164 56360249 56360249
130 175 34224491 34224491
130 210 569635033 569635033
130 214 573225428 573225428
130 241 618250049 618250049
131 13 157993 157993
131 23 157769 157769
131 29 161480 161480
131 43 20787 20787
131 49 71856 71856
131 57 37023 37023
131 62 37580 37580
131 65 38040 38040
131 80 19313 19313
131 93 2397 2397
131 101 39721334 39721334
131 118 11648173 11648173
131 119 381 381
131 134 11673718 11673718
131 148 83399540 83399540
131 153 97554212 97554212
131 176 278135823 278135823
131 225 471782297 471782297
131 229 471783873 471783873
132 11 157427 157427
132 12 157552 157552
132 28 161375 161375
132 114 5175447 5175447
132 141 16042387 16042387
132 144 31193890 31193890
132 158 9944106 9944106
132 172 258011148 258011148
133 6 13772 13772
133 17 154224 154224
133 61 37524 37524
133 67 39005 39005
133 84 18669 18669
133 90 2609 2609
133 129 20618498 20618498
133 136 189012550 189012550
133 183 24634183 24634183
133 190 538172982 538172982
133 200 551155860 551155860
133 205 584579434 584579434
134 16 153645 153645
134 44 20754 20754
134 97 309 309
134 131 179255955 179255955
134 141 195298333 195298333
134 209 590688018 590688018
134 214 594354009 594354009
135 20 154222 154222
135 31 160510 160510
135 60 36871 36871
135 89 2614 2614
135 91 410 410
135 102 62072902 62072902
135 157 320306163 320306163
135 188 523873569 523873569
135 195 528059399 528059399
135 199 555854535 555854535
135 201 551152686 551152686
135 241 639375678 639375678
135 243 639375678 639375678
135 246 639379026 639379026
136 30 161068 161068
136 50 62186 62186
136 67 39131 39131
136 68 39807 39807
136 93 2418 2418
136 133 25676 25676
136 138 0 0
136 189 334885964 334885964
136 244 450388073 450388073
137 3 11387 11387
137 54 36457 36457
137 66 37538 37538
137 73 39580 39580
137 145 332973680 332973680
137 149 151056711 151056711
137 159 131291670 131291670
137 176 557174415 557174415
137 200 662608175 662608175
137 221 743668337 743668337
137 241 750830415 750830415
138 22 156969 156969
138 31 160636 160636
138 42 17691 17691
138 58 37044 37044
138 67 39131 39131
138 112 144 144
138 136 0 0
138 146 32530414 32530414
138 170 22542403 22542403
138 205 395588652 395588652
138 212 421927449 421927449
138 224 450377743 450377743
138 234 450381872 450381872
139 2 11788 11788
139 7 14138 14138
139 15 154331 154331
139 29 161507 161507
139 30 161074 161074
139 34 161640 161640
139 51 62189 62189
139 148 55709103 55709103
139 150 22121476 22121476
139 157 125033405 125033405
139 165 150035345 150035345
139 194 342896417 342896417
139 213 34775567 34775567
139 228 444093094 444093094
139 235 444096846 444096846
140 6 13508 13508
140 61 37260 37260
140 81 17891 17891
140 90 2345 2345
140 111 3064 3064
140 113 112499954 112499954
140 115 126683293 126683293
140 120 144504624 144504624
140 147 354471750 354471750
140 152 368626422 368626422
140 209 694174156 694174156
141 29 161507 161507
141 64 37531 37531
141 68 39813 39813
141 85 3264 3264
141 116 132 132
141 127 36 36
141 132 18 18
141 134 25686 25686
141 159 13572181 13572181
141 176 250445386 250445386
141 178 24655652 24655652
141 188 328600181 328600181
141 215 415641762 415641762
141 234 444096089 444096089
141 236 444097209 444097209
142 77 19271 19271
142 93 2301 2301
142 129 20618507 20618507
142 151 257976998 257976998
142 173 430081984 430081984
142 217 613195885 613195885
142 222 632206461 632206461
142 223 625054007 625054007
142 236 632211710 632211710
143 11 157451 157451
143 22 156981 156981
143 41 17443 17443
143 56 37172 37172
143 75 40554 40554
143 89 2752 2752
143 95 420 420
143 156 117067003 117067003
143 164 56360405 56360405
143 168 208027139 208027139
143 203 359040516 359040516
143 209 387445276 387445276
143 218 417114982 417114982
143 234 436129687 436129687
143 241 436135888 436135888
144 5 11969 11969
144 13 158044 158044
144 32 160971 160971
144 60 37027 37027
144 68 39837 39837
144 80 19364 19364
144 104 414 414
144 113 192 192
144 116 156 156
144 132 42 42
144 157 109881902 109881902
144 163 7639219 7639219
144 181 260787103 260787103
145 19 154468 154468
145 21 157485 157485
145 41 17467 17467
145 43 20844 20844
145 71 39889 39889
145 137 432 432
145 228 417849741 417849741
146 28 161423 161423
146 93 2454 2454
146 121 147 147
146 138 36 36
147 5 11987 11987
147 13 158062 158062
147 15 154373 154373
147 20 154396 154396
147 32 160989 160989
147 41 17479 17479
147 69 39809 39809
147 124 684 684
147 140 438 438
147 152 14154672 14154672
147 155 69324272 69324272
147 160 17363060 17363060
147 199 304873322 304873322
148 11 157487 157487
148 13 158062 158062
148 14 154516 154516
148 28 161435 161435
148 40 23710 23710
148 43 20856 20856
148 86 2996 2996
148 87 2982 2982
148 106 423 423
148 114 5175507 5175507
148 127 78 78
148 131 69 69
148 139 42 42
148 163 7639237 7639237
148 167 83321256 83321256
148 188 272892356 272892356
148 195 277078186 277078186
148 197 291374422 291374422
148 204 324797993 324797993
148 231 388385362 388385362
148 244 388394465 388394465
149 2 11647 11647
149 12 157429 157429
149 33 160189 160189
149 58 36909 36909
149 60 36862 36862
149 67 38996 38996
149 76 40765 40765
149 137 6289166 6289166
149 169 36886751 36886751
149 173 416113189 416113189
150 7 13748 13748
150 14 154084 154084
150 29 161117 161117
150 80 18950 18950
150 110 2774 2774
150 139 306729061 306729061
150 152 354471750 354471750
150 181 560546561 560546561
150 191 617393819 617393819
150 225 728699815 728699815
150 228 728700839 728700839
151 15 154379 154379
151 29 161555 161555
151 54 36907 36907
151 88 2566 2566
151 113 216 216
151 142 171 171
151 166 119168951 119168951
151 172 172104986 172104986
151 191 262923516 262923516
151 202 23581003 23581003
151 213 27591774 27591774
151 238 374235469 374235469
152 24 157844 157844
152 38 168977 168977
152 41 17485 17485
152 49 71931 71931
152 71 39907 39907
152 75 40596 40596
152 91 590 590
152 94 489 489
152 100 447 447
152 140 444 444
152 147 6 6
152 150 438 438
152 156 55169630 55169630
152 172 172104986 172104986
152 191 262923516 262923516
152 192 262923518 262923518
152 201 286016801 286016801
152 230 374231093 374231093
152 233 374232016 374232016
152 240 374239219 374239219
153 17 154404 154404
153 42 17745 17745
153 63 37579 37579
153 110 441 441
153 130 198 198
153 131 75 75
153 192 262923518 262923518
153 218 355218887 355218887
153 231 374230690 374230690
153 238 374235469 374235469
153 239 374237638 374237638
154 9 150381 150381
154 21 157518 157518
154 29 161570 161570
154 51 62252 62252
154 55 37677 37677
154 73 40045 40045
154 120 36542989 36542989
154 156 138 138
154 185 15226429 15226429
154 239 319068146 319068146
155 2 11851 11851
155 6 13967 13967
155 27 161367 161367
155 62 37670 37670
155 65 38130 38130
155 108 249 249
155 116 195 195
155 147 21 21
155 158 9944187 9944187
155 169 8476964 8476964
155 180 127525267 127525267
155 183 17472305 17472305
155 197 222050150 222050150
155 203 241974821 241974821
155 209 270379581 270379581
155 229 319061488 319061488
155 246 319073541 319073541
156 5 12008 12008
156 48 71946 71946
156 81 18350 18350
156 143 80 80
156 152 38 38
156 154 85 85
156 161 17362868 17362868
156 182 180165181 180165181
156 217 300049257 300049257
156 225 319059882 319059882
157 3 11852 11852
157 5 12008 12008
157 30 161137 161137
157 53 37110 37110
157 91 605 605
157 97 504 504
157 98 646 646
157 135 218 218
157 139 86 86
157 144 62 62
157 158 9944187 9944187
157 162 23749807 23749807
157 219 300049257 300049257
157 222 319059833 319059833
157 223 311907379 311907379
158 8 14058 14058
158 11 157310 157310
158 18 154734 154734
158 48 71748 71748
158 49 71748 71748
158 51 62054 62054
158 57 36915 36915
158 78 19235 19235
158 89 2611 2611
158 112 3088 3088
158 124 59445715 59445715
158 132 158105556 158105556
158 155 299181318 299181318
158 157 299181328 299181328
158 194 507100202 507100202
158 213 46426415 46426415
158 214 563281454 563281454
159 8 14079 14079
159 48 71769 71769
159 72 39755 39755
159 75 40434 40434
159 81 18173 18173
159 103 62072920 62072920
159 137 6289193 6289193
159 141 195298351 195298351
159 183 11085777 11085777
159 204 562233977 562233977
160 10 150192 150192
160 13 157894 157894
160 48 71757 71757
160 60 36877 36877
160 90 2615 2615
160 106 255 255
160 116 3079 3079
160 121 25136640 25136640
160 147 229857055 229857055
160 161 299181313 299181313
160 165 306820385 306820385
160 194 499681308 499681308
160 222 600876851 600876851
160 233 600879404 600879404
160 241 600887181 600887181
161 1 11050 11050
161 95 501 501
161 107 468 468
161 156 24 24
161 160 213 213
161 165 7639072 7639072
161 172 99572488 99572488
161 216 277181846 277181846
162 26 157759 157759
162 27 161400 161400
162 64 37627 37627
162 69 39863 39863
162 82 18362 18362
162 90 2837 2837
162 157 33 33
162 164 38997603 38997603
162 221 288158120 288158120
162 235 295315509 295315509
163 70 39659 39659
163 73 39874 39874
163 78 19262 19262
163 101 39721253 39721253
163 144 203264741 203264741
163 148 243822341 243822341
163 194 523373085 523373085
163 223 617416174 617416174
164 13 157909 157909
164 34 161529 161529
164 49 71772 71772
164 54 36748 36748
164 83 19850 19850
164 90 2630 2630
164 92 303 303
164 108 75 75
164 117 11651131 11651131
164 130 39 39
164 143 182114369 182114369
164 162 305568267 305568267
164 186 35135596 35135596
164 190 460683927 460683927
164 201 473666808 473666808
164 208 40477194 40477194
164 221 554726967 554726967
164 228 561880604 561880604
165 13 158122 158122
165 16 153879 153879
165 26 157765 157765
165 43 20916 20916
165 52 63785 63785
165 62 37709 37709
165 69 39869 39869
165 85 3366 3366
165 106 483 483
165 139 125 125
165 160 228 228
165 161 15 15
165 192 182753187 182753187
165 212 265608838 265608838
166 19 154555 154555
166 21 157572 157572
166 25 157647 157647
166 27 161421 161421
166 46 31869 31869
166 62 37724 37724
166 64 37648 37648
166 79 19487 19487
166 88 2635 2635
166 107 498 498
166 117 307 307
166 151 92 92
166 172 52936035 52936035
166 187 131395191 131395191
166 196 143755802 143755802
167 33 160234 160234
167 36 162808 162808
167 55 37518 37518
167 79 19274 19274
167 81 18191 18191
167 148 229857085 229857085
167 182 396025430 396025430
167 186 8174781 8174781
167 190 433723112 433723112
167 203 457833613 457833613
167 215 506468457 506468457
167 216 510403536 510403536
167 232 534919882 534919882
168 2 11920 11920
168 4 11921 11921
168 23 157928 157928
168 51 62321 62321
168 61 37788 37788
168 85 3396 3396
168 89 2878 2878
168 92 546 546
168 96 573 573
168 143 149 149
168 178 9831601 9831601
168 222 228100936 228100936
169 11 157061 157061
169 68 39429 39429
169 93 1773 1773
169 96 16771323 16771323
169 149 151056729 151056729
169 155 409641356 409641356
169 231 720224628 720224628
169 241 720233268 720233268
170 16 153687 153687
170 17 154266 154266
170 20 154264 154264
170 50 62102 62102
170 79 19280 19280
170 80 19250 19250
170 103 62072944 62072944
170 138 189012592 189012592
170 186 124297424 124297424
170 201 528638459 528638459
170 212 588400827 588400827
170 229 616852746 616852746
170 230 616852751 616852751
170 240 616860877 616860877
171 15 154481 154481
171 18 155019 155019
171 29 161657 161657
171 42 17847 17847
171 55 37764 37764
171 95 564 564
171 98 733 733
171 100 549 549
171 108 336 336
171 202 8225755 8225755
171 205 165594338 165594338
171 244 220393759 220393759
172 7 14297 14297
172 9 150477 150477
172 40 23827 23827
172 91 701 701
172 107 540 540
172 125 495 495
172 129 384 384
172 132 200 200
172 151 134 134
172 152 134 134
172 161 72 72
172 166 42 42
172 196 90820355 90820355
172 199 118615491 118615491
172 232 202127531 202127531
172 233 202128857 202128857
172 234 202130433 202130433
172 243 202136634 202136634
173 2 11947 11947
173 43 20973 20973
173 78 19529 19529
173 99 742 742
173 119 567 567
173 122 299 299
173 142 305 305
173 149 12183505 12183505
173 230 202127934 202127934
173 234 202130433 202130433
174 3 11405 11405
174 15 153947 153947
174 21 157071 157071
174 37 168352 168352
174 44 20502 20502
174 49 71499 71499
174 92 30 30
174 125 84640879 84640879
174 180 528689972 528689972
174 225 720223190 720223190
174 233 720225402 720225402
174 235 720227272 720227272
174 236 720227635 720227635
174 240 720232142 720232142
175 7 14054 14054
175 23 157712 157712
175 32 160863 160863
175 45 31695 31695
175 56 37082 37082
175 87 2856 2856
175 109 93 93
175 130 32801585 32801585
175 181 448663562 448663562
175 194 515625075 515625075
175 214 571806327 571806327
176 20 154519 154519
176 48 72048 72048
176 55 37779 37779
176 59 37168 37168
176 65 38232 38232
176 84 18966 18966
176 107 546 546
176 113 333 333
176 131 215 215
176 137 567 567
176 141 188 188
176 205 138860588 138860588
177 2 11959 11959
177 16 153948 153948
177 25 157701 157701
177 38 169100 169100
177 101 39721532 39721532
177 115 330 330
177 125 507 507
177 190 92423633 92423633
177 219 174608600 174608600
177 244 193629506 193629506
178 23 157721 157721
178 28 161318 161318
178 54 36784 36784
178 56 37091 37091
178 68 39738 39738
178 71 39784 39784
178 75 40473 40473
178 79 19295 19295
178 94 366 366
178 105 315 315
178 116 20614828 20614828
178 141 195298390 195298390
178 168 396467725 396467725
178 181 446581476 446581476
178 193 503433209 503433209
178 205 559950057 559950057
178 219 595728572 595728572
178 232 614740375 614740375
178 244 614749478 614749478
179 10 150243 150243
179 40 23593 23593
179 42 17622 17622
179 100 324 324
179 109 102 102
179 125 59445469 59445469
179 128 167069273 167069273
179 192 503433141 503433141
179 237 614744335 614744335
180 47 31942 31942
180 52 63863 63863
180 59 37183 37183
180 63 37711 37711
180 67 39317 39317
180 98 763 763
180 108 366 366
180 155 140 140
180 174 564 564
180 197 94527931 94527931
180 246 191551322 191551322
181 1 11188 11188
181 6 14129 14129
181 9 150543 150543
181 43 21039 21039
181 59 37228 37228
181 107 606 606
181 144 224 224
181 150 615 615
181 175 332 332
181 178 380 380
181 201 79945018 79945018
182 8 14436 14436
182 11 157688 157688
182 28 161636 161636
182 56 37409 37409
182 95 657 657
182 109 420 420
182 114 5175708 5175708
182 121 383 383
182 156 180 180
182 167 339 339
182 194 37702157 37702157
183 2 11713 11713
183 22 156900 156900
183 30 160999 160999
183 51 62114 62114
183 56 37091 37091
183 86 2879 2879
183 90 2666 2666
183 97 366 366
183 115 20614855 20614855
183 126 114399455 114399455
183 133 3841 3841
183 155 313147887 313147887
183 159 1802 1802
183 195 503428393 503428393
183 201 526521680 526521680
183 216 590219223 590219223
183 230 614735972 614735972
184 8 14436 14436
184 22 157218 157218
184 48 72126 72126
184 56 37409 37409
184 107 624 624
184 192 27587011 27587011
184 201 50680294 50680294
184 244 138903286 138903286
184 246 138906634 138906634
185 6 13943 13943
185 16 153816 153816
185 44 20925 20925
185 48 71922 71922
185 51 62228 62228
185 62 37646 37646
185 100 438 438
185 109 216 216
185 121 156 156
185 154 98788695 98788695
185 215 374172013 374172013
186 33 160243 160243
186 45 31692 31692
186 54 36772 36772
186 69 39680 39680
186 90 2654 2654
186 125 59445457 59445457
186 164 24 24
186 167 9 9
186 170 34193454 34193454
186 192 415437929 415437929
186 204 463157732 463157732
186 215 498293676 498293676
186 218 507733298 507733298
187 39 169190 169190
187 58 37302 37302
187 104 642 642
187 126 323 323
187 166 2420 2420
187 198 10545731 10545731
187 202 6109063 6109063
187 226 123668778 123668778
187 246 123680238 123680238
188 114 5175726 5175726
188 135 1111 1111
188 141 433 433
188 148 1483 1483
188 216 90976660 90976660
188 217 96481203 96481203
188 219 96481203 96481203
188 236 115497028 115497028
189 33 160591 160591
189 45 32040 32040
189 56 37427 37427
189 69 40028 40028
189 76 41167 41167
189 94 702 702
189 103 62073295 62073295
189 112 434 434
189 136 439 439
189 197 18482066 18482066
189 207 6184764 6184764
189 211 70477392 70477392
189 240 115501535 115501535
190 6 14174 14174
190 13 158290 158290
190 28 161663 161663
190 35 162389 162389
190 44 21156 21156
190 61 37926 37926
190 63 37801 37801
190 97 711 711
190 133 4209 4209
190 164 381 381
190 167 366 366
190 177 3428 3428
190 218 82184967 82184967
190 221 94043040 94043040
190 229 101197168 101197168
190 238 101201549 101201549
191 1 11248 11248
191 8 14478 14478
191 49 72168 72168
191 53 37332 37332
191 63 37816 37816
191 96 726 726
191 107 666 666
191 127 344 344
191 150 675 675
191 151 1501 1501
191 152 1501 1501
191 208 3590968 3590968
191 220 104153449 104153449
191 227 111307327 111307327
191 240 111315708 111315708
192 14 154759 154759
192 58 37335 37335
192 72 40154 40154
192 79 19655 19655
192 103 62073319 62073319
192 109 462 462
192 125 621 621
192 152 1501 1501
192 153 1501 1501
192 165 2468 2468
192 179 4234 4234
192 184 42 42
192 186 372 372
192 231 111307384 111307384
193 5 12230 12230
193 41 17722 17722
193 55 37899 37899
193 100 684 684
193 112 458 458
193 118 598 598
193 123 419 419
193 178 4283 4283
193 204 47719949 47719949
193 211 66291704 66291704
193 215 82855893 82855893
193 228 111307225 111307225
193 231 111307318 111307318
194 1 11233 11233
194 14 154744 154744
194 21 157725 157725
194 36 163174 163174
194 48 72153 72153
194 77 19664 19664
194 90 3011 3011
194 91 812 812
194 112 443 443
194 139 442 442
194 158 405 405
194 160 396 396
194 163 2686 2686
194 175 3706 3706
194 182 3878 3878
194 245 101207874 101207874
195 13 158305 158305
195 15 154616 154616
195 24 158081 158081
195 48 72168 72168
195 59 37288 37288
195 70 40052 40052
195 84 19086 19086
195 86 3239 3239
195 106 666 666
195 135 1135 1135
195 148 1507 1507
195 183 383 383
195 202 6109096 6109096
195 228 111307201 111307201
196 16 154062 154062
196 25 157815 157815
196 27 161589 161589
196 51 62474 62474
196 53 37332 37332
196 58 37335 37335
196 88 2803 2803
196 96 726 726
196 97 726 726
196 103 62073319 62073319
196 166 2453 2453
196 172 2933 2933
196 198 2370974 2370974
196 212 82855655 82855655
196 215 82855751 82855751
196 227 111307324 111307324
197 12 157864 157864
197 18 155163 155163
197 34 161934 161934
197 50 62486 62486
197 53 37341 37341
197 56 37460 37460
197 59 37297 37297
197 74 40729 40729
197 77 19688 19688
197 148 1516 1516
197 155 1495 1495
197 180 3965 3965
197 189 33 33
197 205 42220622 42220622
197 224 97009713 97009713
197 232 97010940 97010940
197 240 97019469 97019469
198 10 150240 150240
198 11 157367 157367
198 56 37088 37088
198 79 19292 19292
198 80 19262 19262
198 93 2079 2079
198 187 392688357 392688357
198 196 396874178 396874178
198 227 506820578 506820578
198 232 506820430 506820430
198 233 506821756 506821756
198 234 506823332 506823332
199 79 19673 19673
199 81 18590 18590
199 135 1153 1153
199 147 1525 1525
199 172 2951 2951
199 201 8797060 8797060
199 202 6109114 6109114
199 223 76358359 76358359
199 225 83510862 83510862
199 238 83516819 83516819
200 10 150621 150621
200 12 157873 157873
200 18 155172 155172
200 28 161696 161696
200 61 37959 37959
200 65 38370 38370
200 75 40851 40851
200 133 4242 4242
200 137 705 705
200 201 3 3
200 213 10119885 10119885
201 24 158099 158099
201 29 161810 161810
201 34 161943 161943
201 128 362 362
201 135 1153 1153
201 152 1519 1519
201 164 414 414
201 170 3223 3223
201 181 3929 3929
201 183 401 401
201 184 60 60
201 199 13498909 13498909
201 200 3 3
201 214 43198371 43198371
201 233 88215215 88215215
201 246 88227187 88227187
202 28 161327 161327
202 44 20820 20820
202 89 2680 2680
202 95 348 348
202 100 333 333
202 151 257978296 257978296
202 171 396470523 396470523
202 187 491067791 491067791
202 195 503428402 503428402
202 199 531223538 531223538
202 218 589996890 589996890
203 6 14207 14207
203 57 37353 37353
203 73 40285 40285
203 110 696 696
203 126 374 374
203 143 469 469
203 155 1504 1504
203 167 399 399
203 204 13498900 13498900
203 233 77087595 77087595
204 2 12100 12100
204 9 150630 150630
204 13 158332 158332
204 39 169250 169250
204 48 72195 72195
204 51 62501 62501
204 82 18578 18578
204 101 39721673 39721673
204 104 702 702
204 118 625 625
204 120 36543261 36543261
204 128 371 371
204 148 1534 1534
204 159 2212 2212
204 186 399 399
204 193 175 175
204 203 9 9
205 3 12110 12110
205 24 158117 158117
205 28 161714 161714
205 36 163225 163225
205 66 38261 38261
205 80 19661 19661
205 105 711 711
205 113 489 489
205 116 476 476
205 127 380 380
205 133 4260 4260
205 138 499 499
205 171 2978 2978
205 176 2963 2963
205 178 4319 4319
205 197 27 27
205 210 6184405 6184405
205 218 35778515 35778515
205 221 47636588 47636588
205 233 54791644 54791644
206 8 14523 14523
206 24 158126 158126
206 36 163234 163234
206 44 21216 21216
206 99 913 913
206 120 36543279 36543279
206 122 470 470
206 212 20611921 20611921
206 238 49068315 49068315
207 10 150252 150252
207 19 154372 154372
207 21 157389 157389
207 35 162053 162053
207 64 37465 37465
207 126 114399464 114399464
207 189 499242572 499242572
207 217 589539361 589539361
207 244 608560267 608560267
208 21 157077 157077
208 38 168551 168551
208 54 36481 36481
208 58 36672 36672
208 82 17888 17888
208 164 195230299 195230299
208 191 608917200 608917200
208 227 716634217 716634217
208 229 716634004 716634004
209 2 12118 12118
209 58 37380 37380
209 63 37861 37861
209 83 20291 20291
209 125 748 748
209 134 4130 4130
209 140 808 808
209 143 578 578
209 155 1613 1613
209 214 4047828 4047828
209 216 24547000 24547000
209 217 30051543 30051543
210 26 157993 157993
210 43 21144 21144
210 45 32109 32109
210 90 3071 3071
210 110 723 723
210 123 464 464
210 130 480 480
210 205 9 9
210 234 48608815 48608815
211 4 12125 12125
211 33 160666 160666
211 51 62525 62525
211 65 38403 38403
211 78 19706 19706
211 189 75 75
211 193 199 199
211 228 45015521 45015521
211 235 45019367 45019367
212 32 161292 161292
212 39 169283 169283
212 60 37348 37348
212 61 38001 38001
212 112 518 518
212 138 523 523
212 165 2528 2528
212 170 3265 3265
212 196 60 60
212 206 232284 232284
212 221 21297791 21297791
212 222 28450294 28450294
212 230 28451924 28451924
212 236 28455543 28455543
212 237 28455543 28455543
213 18 154815 154815
213 22 156921 156921
213 31 160588 160588
213 37 168682 168682
213 40 23614 23614
213 43 20760 20760
213 49 71829 71829
213 96 387 387
213 128 167069294 167069294
213 139 195298560 195298560
213 151 257978308 257978308
213 158 42745589 42745589
213 200 526521698 526521698
213 238 604620864 604620864
214 51 62525 62525
214 81 18623 18623
214 128 477 477
214 130 568 568
214 134 4136 4136
214 158 553 553
214 175 3854 3854
214 201 115 115
214 209 232275 232275
214 216 20499172 20499172
214 246 45028851 45028851
215 16 154122 154122
215 17 154701 154701
215 43 21159 21159
215 47 32107 32107
215 99 1010 1010
215 107 808 808
215 141 599 599
215 167 523 523
215 185 1652 1652
215 186 514 514
215 193 290 290
215 196 142 142
215 239 28458502 28458502
215 245 28463209 28463209
216 26 158020 158020
216 66 38297 38297
216 69 40124 40124
216 87 3297 3297
216 121 579 579
216 161 1593 1593
216 167 535 535
216 183 537 537
216 188 178 178
216 209 232296 232296
216 214 21 21
217 31 161008 161008
217 42 18063 18063
217 52 64049 64049
217 98 1031 1031
217 101 39721809 39721809
217 142 1835 1835
217 156 1626 1626
217 188 187 187
217 207 537 537
217 209 232305 232305
218 3 12155 12155
218 19 154804 154804
218 29 161873 161873
218 36 163270 163270
218 44 21252 21252
218 55 37980 37980
218 61 38022 38022
218 91 982 982
218 105 838 838
218 106 829 829
218 114 5175913 5175913
218 124 1008 1008
218 143 614 614
218 153 1664 1664
218 186 535 535
218 190 178 178
218 202 232806 232806
218 205 127 127
218 224 19010576 19010576
219 31 161008 161008
219 47 32128 32128
219 48 72249 72249
219 85 3630 3630
219 111 858 858
219 126 519 519
219 157 1626 1626
219 177 3606 3606
219 178 4446 4446
219 188 187 187
219 229 19012201 19012201
219 236 19015825 19015825
219 243 19021586 19021586
220 2 12169 12169
220 18 155250 155250
220 28 161774 161774
220 46 32133 32133
220 64 37912 37912
220 124 1023 1023
220 191 181 181
221 1 11344 11344
221 11 157826 157826
221 18 155250 155250
221 25 157911 157911
221 40 24049 24049
221 44 21267 21267
221 90 3122 3122
221 118 776 776
221 127 522 522
221 137 865 865
221 162 2130 2130
221 164 574 574
221 190 193 193
221 205 142 142
221 212 118 118
222 1 11362 11362
222 11 157844 157844
222 12 157969 157969
222 23 158195 158195
222 24 158195 158195
222 35 162518 162518
222 37 169135 169135
222 67 39536 39536
222 84 19200 19200
222 100 880 880
222 142 1868 1868
222 157 1659 1659
222 160 607 607
222 168 2634 2634
222 212 136 136
222 244 11010 11010
223 85 3680 3680
223 97 939 939
223 121 638 638
223 142 1885 1885
223 157 1676 1676
223 163 2914 2914
223 199 195 195
223 231 7153681 7153681
224 68 40212 40212
224 80 19739 19739
224 87 3339 3339
224 138 659 659
224 197 187 187
224 218 33 33
224 230 1630 1630
225 8 14592 14592
225 38 169328 169328
225 42 18096 18096
225 50 62618 62618
225 77 19820 19820
225 102 62073550 62073550
225 131 566 566
225 150 906 906
225 156 1694 1694
225 174 900 900
225 199 213 213
225 230 1581 1581
226 29 161906 161906
226 41 17836 17836
226 62 38033 38033
226 70 40193 40193
226 72 40295 40295
226 187 533 533
227 26 158062 158062
227 48 72476 72476
227 95 1207 1207
227 110 1186 1186
227 118 1106 1106
227 191 511 511
227 196 508 508
227 198 871 871
227 208 1171 1171
227 233 1178 1178
227 238 4725 4725
227 241 9084 9084
228 16 154176 154176
228 37 169135 169135
228 59 37429 37429
228 66 38366 38366
228 67 39563 39563
228 104 906 906
228 110 909 909
228 139 881 881
228 145 1943 1943
228 150 906 906
228 164 820 820
228 193 572 572
228 195 542 542
228 211 373 373
229 3 12188 12188
229 44 21312 21312
229 49 72309 72309
229 52 64109 64109
229 54 37285 37285
229 88 2952 2952
229 107 897 897
229 108 1316 1316
229 131 1180 1180
229 155 2331 2331
229 170 4050 4050
229 190 860 860
229 208 894 894
229 219 682 682
229 241 8834 8834
229 242 10835 10835
230 2 12187 12187
230 34 162039 162039
230 35 162518 162518
230 36 163303 163303
230 55 38040 38040
230 57 37476 37476
230 97 1203 1203
230 152 1978 1978
230 170 3682 3682
230 173 3410 3410
230 183 860 860
230 212 417 417
230 224 281 281
230 225 246 246
230 246 12930 12930
231 5 12344 12344
231 41 17836 17836
231 100 915 915
231 148 1985 1985
231 153 1979 1979
231 169 1025 1025
231 192 692 692
231 193 626 626
231 223 265 265
232 7 14537 14537
232 27 161703 161703
232 29 161906 161906
232 41 17836 17836
232 43 21213 21213
232 71 40285 40285
232 94 957 957
232 99 1099 1099
232 118 1076 1076
232 167 859 859
232 172 3411 3411
232 178 4761 4761
232 197 469 469
232 198 841 841
233 6 14303 14303
233 20 154753 154753
233 77 19987 19987
233 80 19933 19933
233 86 3665 3665
233 113 1208 1208
233 152 2256 2256
233 160 1166 1166
233 172 3688 3688
233 174 1177 1177
233 198 1118 1118
233 201 737 737
233 203 737 737
233 205 719 719
233 227 247 247
233 246 12007 12007
234 74 41028 41028
234 76 41499 41499
234 82 18859 18859
234 92 1207 1207
234 94 1234 1234
234 138 1832 1832
234 141 1826 1826
234 143 1820 1820
234 172 4302 4302
234 173 4302 4302
234 198 1732 1732
234 210 1324 1324
235 10 150717 150717
235 24 158195 158195
235 39 169337 169337
235 103 62073827 62073827
235 107 1174 1174
235 110 1186 1186
235 139 1826 1826
235 162 3321 3321
235 174 1177 1177
235 211 1499 1499
236 7 14537 14537
236 21 157854 157854
236 31 161041 161041
236 41 17836 17836
236 64 38267 38267
236 67 39873 39873
236 87 3910 3910
236 117 2244 2244
236 141 2085 2085
236 142 3300 3300
236 174 1436 1436
236 188 1652 1652
236 212 1568 1568
236 219 1465 1465
236 245 7762 7762
237 1 11362 11362
237 25 157929 157929
237 41 17836 17836
237 50 62928 62928
237 55 38350 38350
237 111 1462 1462
237 120 36544862 36544862
237 124 1041 1041
237 179 5862 5862
237 212 1568 1568
238 25 157929 157929
238 26 158062 158062
238 47 32498 32498
238 56 37902 37902
238 96 1493 1493
238 151 3129 3129
238 153 3129 3129
238 190 1643 1643
238 199 1610 1610
238 206 234033 234033
238 213 1990 1990
238 227 1301 1301
239 8 14592 14592
239 12 157969 157969
239 76 41642 41642
239 83 20697 20697
239 93 3745 3745
239 100 1720 1720
239 153 3398 3398
239 154 3445 3445
239 215 1971 1971
240 9 150717 150717
240 39 169337 169337
240 43 21213 21213
240 51 62925 62925
240 60 37739 37739
240 62 38343 38343
240 71 40595 40595
240 97 2008 2008
240 99 2150 2150
240 100 1966 1966
240 104 1957 1957
240 114 5177893 5177893
240 152 3644 3644
240 170 5348 5348
240 174 1951 1951
240 189 2167 2167
240 191 2146 2146
240 197 2134 2134
240 241 574 574
241 21 157854 157854
241 30 161473 161473
241 39 169337 169337
241 68 40549 40549
241 94 2581 2581
241 130 3151 3151
241 135 3851 3851
241 137 2542 2542
241 143 3167 3167
241 160 3127 3127
241 169 2649 2649
241 227 2424 2424
241 229 2087 2087
241 240 573 573
242 20 154753 154753
242 35 162518 162518
242 51 62925 62925
242 96 2581 2581
242 102 62075174 62075174
242 229 2430 2430
242 244 894 894
243 5 12344 12344
243 12 157969 157969
243 32 161346 161346
243 51 62925 62925
243 74 41171 41171
243 90 3711 3711
243 135 3851 3851
243 172 5649 5649
243 219 3320 3320
244 8 14592 14592
244 20 154753 154753
244 37 169135 169135
244 40 24067 24067
244 69 40503 40503
244 79 20106 20106
244 86 3924 3924
244 136 3179 3179
244 148 4223 4223
244 171 5658 5658
244 177 6159 6159
244 178 6999 6999
244 184 2758 2758
244 207 3090 3090
244 222 3287 3287
244 242 2552 2552
245 2 12187 12187
245 27 161703 161703
245 68 40549 40549
245 99 2723 2723
245 194 3074 3074
245 215 3684 3684
245 236 2198 2198
246 6 14310 14310
246 17 154759 154759
246 47 32501 32501
246 135 3880 3880
246 155 4231 4231
246 180 6701 6701
246 184 2787 2787
246 187 2778 2778
246 201 3802 3802
246 214 3722 3722
246 230 3378 3378
246 233 3100 3100
