493 492 0 0
493 491 110 169
492 493 0 0
492 491 84 169
491 493 58 201
491 492 164 201
491 489 103 159
491 490 1150 3388
490 491 14887 19544
490 487 2531 3470
490 488 94 159
489 491 39 108
489 488 1198 3388
488 490 78 108
488 489 10304 19544
488 486 1182 3470
487 490 3413 6274
487 486 108 159
487 482 2826 5809
486 488 2592 6274
486 487 62 108
486 483 1960 3025
486 485 1972 2854
485 486 1926 2870
485 484 1157 2196
484 485 765 2378
484 480 357 770
483 486 2468 3349
483 481 763 2823
482 487 3362 6096
482 480 84 132
481 483 1395 2799
481 478 9 31
480 484 733 912
480 482 104 133
480 479 0 0
480 478 35 78
479 480 0 0
479 478 36 78
478 481 52 70
478 480 33 78
478 479 40 78
478 477 0 0
478 476 11 14
477 478 0 0
477 476 9 14
476 478 175719 302488
476 477 110204 302488
476 475 0 0
476 474 17090 23106
475 476 0 0
475 474 12527 23106
474 476 25268 32847
474 475 8738 32847
474 473 0 0
474 472 69 118
473 474 0 0
473 472 66 118
472 474 42 117
472 473 87 117
472 471 2536 4120
471 472 3053 4819
471 407 90167 246756
471 470 88 120
470 471 33 103
470 469 0 0
470 468 602 882
469 470 0 0
469 468 704 882
468 470 674 1617
468 469 721 1617
468 467 275 831
467 468 115 170
467 466 0 0
467 465 340 513
466 467 0 0
466 465 352 513
465 467 261 658
465 466 220 658
465 464 0 0
465 463 1345 4710
464 465 0 0
464 463 3520 4710
463 465 1437 3855
463 464 1223 3855
463 462 145 253
462 463 114 444
462 460 282 894
462 461 2799 5434
461 462 4014 5828
461 459 581 894
460 462 478 843
460 459 1592 5434
459 461 425 843
459 460 2143 5828
459 458 646 985
458 459 452 1080
458 457 0 0
458 456 1692 4388
457 458 0 0
457 456 2460 4388
456 458 3362 5452
456 457 1872 5452
456 455 0 0
456 454 909 1120
455 456 0 0
455 454 884 1120
454 456 406 1125
454 455 501 1125
454 453 0 0
454 451 4135 4980
453 454 0 0
453 452 162 195
452 453 60 198
452 451 3163 5146
451 454 2358 7731
451 452 3990 7896
451 450 237 298
450 451 265 952
450 449 1637 2121
449 450 1737 4146
449 448 645 1686
448 449 1177 1686
448 447 141 288
447 448 107 292
447 446 59 97
446 447 95 158
446 445 0 0
446 444 3459 6626
445 446 0 0
445 444 4110 6626
444 446 5778 7718
444 445 5661 7718
444 443 1813 2950
443 444 2139 3190
443 442 0 0
443 441 3708 7909
442 443 0 0
442 441 5381 7909
441 443 4176 7278
441 442 5662 7278
441 440 0 0
441 439 1526 4238
440 441 0 0
440 439 2786 4238
439 441 1908 3229
439 440 1469 3229
439 438 0 0
439 437 3471 11691
438 439 0 0
438 437 7097 11691
437 439 4153 6787
437 438 4433 6787
437 436 2373 3300
436 437 1820 5403
436 435 2495 4258
435 436 3435 4543
435 434 0 0
435 433 89 147
434 435 0 0
434 433 40 147
433 435 92 145
433 434 119 145
433 432 1686 3889
432 433 3508 6028
432 431 30 70
431 432 63 180
431 430 1890 6034
430 431 2161 2856
430 429 2 3
430 428 2 3
429 430 247 727
429 426 2439 5535
428 430 1106 3733
428 427 0 0
428 425 2 3
427 428 0 0
427 425 2 3
426 429 2000 3910
426 425 1 3
425 428 308 727
425 427 379 727
425 426 2931 5404
425 424 0 0
425 421 1 3
424 425 0 0
424 423 133 308
423 424 441 602
423 422 2 3
422 423 400 528
422 421 0 0
422 417 43 103
421 425 652 814
421 422 0 0
421 420 0 0
421 417 73 103
420 421 0 0
420 419 61 100
419 420 122 151
419 418 76 261
418 419 326 429
418 417 58 92
417 422 353 807
417 421 251 807
417 418 315 578
417 416 0 0
417 415 1028 2452
416 417 0 0
416 415 1401 2452
415 417 1581 2484
415 416 786 2484
415 414 0 0
415 413 2307 4897
414 415 0 0
414 413 3490 4897
413 415 2866 5240
413 414 2478 5240
413 412 4530 6955
412 413 4721 8425
412 411 347 576
411 412 157 328
411 410 61 242
410 411 40 61
410 409 113 368
409 410 64535 105200
409 408 0 0
409 406 1919 3577
408 409 0 0
408 406 1931 3577
407 471 235480 499185
407 316 84 120
406 409 2427 4239
406 408 1943 4239
406 405 17823 22072
406 404 4249 6876
405 406 20815 58966
405 381 3220 6876
404 406 2742 8391
404 403 50 73
403 404 124 154
403 402 1263 2082
402 403 426 1600
402 401 50 115
401 402 52 187
401 400 113 182
400 401 55 170
400 399 6511 8750
399 400 7327 9715
399 398 18 31
398 399 42 63
398 397 0 0
398 396 49 192
397 398 0 0
397 396 127 192
396 398 122 201
396 397 75 201
396 395 10 34
395 396 25 73
395 394 19 31
394 395 24 55
394 393 0 0
394 392 1 3
393 394 0 0
393 392 2 3
392 394 122 170
392 393 94 170
392 391 21 36
391 392 27 38
391 390 1522 1963
390 391 1400 4188
390 389 137 222
389 390 215 444
389 388 130 328
388 389 253 770
388 387 6695 8941
387 388 5137 17800
387 386 0 0
387 385 528 904
386 387 0 0
386 385 515 904
385 387 342 897
385 386 387 897
385 384 31 100
384 385 58 81
384 383 44 134
383 384 53 129
383 382 0 0
383 381 157 204
382 383 0 0
382 381 139 204
381 383 14894 24462
381 382 11268 24462
381 380 325 434
381 405 3216 8391
381 379 54 72
380 381 167 435
380 376 28 72
379 381 70 124
379 278 323479 392341
379 378 24 87
378 379 23 78
378 231 225566 405651
378 377 70 141
377 378 44 146
377 289 155971 388989
377 376 172 224
376 380 48 124
376 377 77 230
376 375 0 0
376 374 15635 19705
375 376 0 0
375 374 5467 19705
374 376 5497 19341
374 375 8630 19341
374 373 122 156
373 374 74 154
373 372 0 0
373 371 56 70
372 373 0 0
372 371 39 70
371 373 50 68
371 372 44 68
371 370 0 0
371 369 15 38
370 371 0 0
370 369 21 38
369 371 122 152
369 370 73 152
369 368 0 0
369 367 51 87
368 369 0 0
368 367 56 87
367 369 445 555
367 368 280 555
367 366 2 3
366 367 38 151
366 365 0 0
366 364 400 666
365 366 0 0
365 364 390 666
364 366 202 608
364 365 231 608
364 363 0 0
364 362 19 78
363 364 0 0
363 362 23 78
362 364 134 211
362 363 158 211
362 361 0 0
362 360 2421 3348
361 362 0 0
361 360 2187 3348
360 362 2489 3466
360 361 1938 3466
360 359 0 0
360 358 1 3
359 360 0 0
359 358 2 3
358 360 7119 10117
358 359 2712 10117
358 357 0 0
358 356 62 99
357 358 0 0
357 356 29 99
356 358 53 93
356 357 75 93
356 355 0 0
356 354 70 171
355 356 0 0
355 354 141 171
354 356 104 171
354 355 72 171
354 353 0 0
354 352 79 171
353 354 0 0
353 352 64 171
352 354 58 171
352 353 66 171
352 351 0 0
352 350 32 42
351 352 0 0
351 350 32 42
350 352 45 88
350 351 26 88
350 349 0 0
350 348 15253 43554
349 350 0 0
349 348 30600 43554
348 350 3256 4297
348 349 1602 4297
348 347 0 0
348 346 356 1413
347 348 0 0
347 346 447 1413
346 348 286 590
346 347 254 590
346 345 0 0
346 344 41 153
345 346 0 0
345 344 55 153
344 346 59 150
344 345 50 150
344 343 61 100
343 344 82 108
343 342 0 0
343 341 1136 3121
342 343 0 0
342 341 1955 3121
341 343 2060 3254
341 342 2539 3254
341 340 0 0
341 339 203 258
340 341 0 0
340 339 87 258
339 341 30 49
339 340 28 49
339 338 0 0
339 337 1257 1572
338 339 0 0
338 337 923 1572
337 339 3558 6321
337 338 2521 6321
337 336 0 0
337 335 1 3
336 337 0 0
336 335 2 3
335 337 13856 38001
335 336 11058 38001
335 334 0 0
335 333 5613 9441
334 335 0 0
334 333 3449 9441
333 335 5897 17298
333 334 10826 17298
333 305 65798 127758
333 332 98 163
332 333 159 242
332 291 168652 332370
332 331 2 3
331 332 4298 8930
331 328 521 706
331 330 0 0
330 331 0 0
330 329 2 3
329 330 10372 13629
329 327 420 879
328 331 12346 14947
328 327 66 186
327 329 1230 1592
327 328 166 284
327 326 99 196
326 327 148 241
326 325 11924 17977
325 326 8554 30666
325 322 48 116
325 324 44 111
324 325 54 111
324 323 0 0
324 321 77 116
323 324 0 0
323 321 89 116
322 325 55 115
322 321 53 111
321 324 89 115
321 323 49 115
321 322 53 111
321 320 0 0
321 319 3761 8244
320 321 0 0
320 319 5645 8244
319 321 15682 23077
319 320 15723 23077
319 318 0 0
319 317 17267 47080
318 319 0 0
318 317 30457 47080
317 319 31309 40063
317 318 18612 40063
317 316 18302 33158
316 407 32 103
316 317 50791 65173
316 315 163 442
315 316 203 368
315 314 138 218
314 315 114 225
314 313 64 99
313 314 30 102
313 312 1 3
312 313 168 571
312 311 0 0
312 310 9163 20046
311 312 0 0
311 310 13165 20046
310 312 1226 3681
310 311 1768 3681
310 309 42 146
309 310 97 151
309 308 0 0
309 307 191 523
308 309 0 0
308 307 318 523
307 309 330 523
307 308 296 523
307 306 0 0
307 304 229 403
306 307 0 0
306 304 330 403
305 333 98540 189252
305 304 133 163
304 307 229 340
304 306 190 340
304 305 156 242
304 303 3700 5656
303 304 2587 5540
303 302 1148 2409
302 303 930 3333
302 299 9540 13207
302 301 46217 132462
301 302 30 108
301 300 2680 6217
300 301 4134 5842
300 297 3045 8143
299 302 7403 16910
299 298 63 120
298 299 26 104
298 297 67042 132342
297 300 6661 12194
297 298 2 3
297 296 0 0
297 295 24060 49716
296 297 0 0
296 295 36866 49716
295 297 45066 56355
295 296 34579 56355
295 294 0 0
295 293 10 38
294 295 0 0
294 293 28 38
293 295 43 91
293 294 39 91
293 292 0 0
293 290 2992 11266
292 293 0 0
292 290 5387 11266
291 332 68537 262738
291 290 0 3
290 293 5296 10267
290 292 7705 10267
290 291 7112 8930
290 288 0 0
290 287 59 88
289 377 212852 350800
289 287 161 224
288 290 0 0
288 287 52 88
287 290 50 84
287 289 68 230
287 288 59 84
287 286 0 0
287 285 278 468
286 287 0 0
286 285 272 468
285 287 417 574
285 286 369 574
285 284 525 1166
284 285 360 1407
284 283 0 0
284 282 102 229
283 284 0 0
283 282 160 229
282 284 107 229
282 283 173 229
282 281 0 0
282 280 248 368
281 282 0 0
281 280 284 368
280 282 133 373
280 281 209 373
280 279 0 0
280 277 99 141
279 280 0 0
279 277 51 141
278 379 275932 355627
278 275 62 87
277 280 850 1054
277 279 785 1054
277 276 0 0
277 274 1569 2544
276 277 0 0
276 274 1551 2544
275 278 31 78
275 274 47 120
274 277 1872 2764
274 276 1962 2764
274 275 43 124
274 273 0 0
274 270 56 105
273 274 0 0
273 272 38 52
272 273 99 133
272 271 24 76
271 272 49 115
271 270 30 52
270 274 140 266
270 271 65 94
270 269 0 0
270 268 756 1122
269 270 0 0
269 268 290 1122
268 270 2529 4029
268 269 2633 4029
268 267 0 0
268 266 7095 24295
267 268 0 0
267 266 15663 24295
266 268 29805 40311
266 267 23167 40311
266 265 1 3
265 266 67049 95144
265 264 36755 95310
264 265 1709022 2746287
264 263 1057701 2746287
263 264 35202 95310
263 262 0 0
263 261 668 1614
262 263 0 0
262 261 1127 1614
261 263 869 2566
261 262 712 2566
261 260 0 0
261 259 41 91
260 261 0 0
260 259 41 91
259 261 36 74
259 260 36 74
259 258 0 0
259 257 190 336
258 259 0 0
258 256 150 336
257 259 367 580
257 256 0 0
257 255 547 973
126 127 148513 254953
126 125 33 117
125 126 246 472
125 124 10831 26967
124 125 27090 54294
124 123 593 787
123 124 3372 6316
123 122 203 676
122 123 1074 1851
122 121 33834 50968
121 122 84131 119487
121 120 101 134
120 121 81 109
120 119 3 7
119 120 58077 77004
119 118 7835 12512
118 119 8214 11980
118 117 1545 2107
117 118 2981 4280
117 116 355 468
116 117 153 196
116 115 416 532
115 116 88 159
115 114 297 588
114 115 94 303
114 113 61 134
113 114 85 117
113 112 1 3
112 113 6333 18142
112 111 2523 10074
111 112 11080 17490
111 110 964 1375
110 111 1487 5179
110 109 3 10
109 110 34124 71845
109 108 495 763
108 109 1243 1724
108 107 89 262
107 108 184 554
107 106 223 801
106 107 1147 2539
106 105 37 145
105 106 944 1150
105 104 7079 11276
104 105 9945 35354
104 103 20931 26724
103 104 21935 35274
103 102 7961 15864
102 103 6970 26577
102 101 16537 42240
101 102 31193 65170
101 100 1768 2800
100 101 2656 3762
100 99 5496 20872
99 100 1811 2475
99 98 1 3
98 99 12362 19939
98 97 143 252
97 98 223 271
97 96 12491 24007
96 97 11985 31936
96 95 9535 22414
95 96 14744 20876
95 94 9390 20876
94 95 11887 22414
94 93 134 222
93 94 138 447
93 92 440 534
92 93 2186 3164
92 91 386 1143
91 92 795 1540
91 90 9852 14812
90 91 18944 22753
90 89 2 3
89 90 25442 40753
89 88 16517 26972
88 89 68415 85317
88 87 446 685
87 88 369 882
87 86 28230 48602
86 87 31167 74317
86 85 1096 1924
85 86 1286 1933
85 84 525 1335
84 85 1342 2359
84 83 5196 9670
83 84 11912 14791
83 82 25562 39896
82 83 35944 51619
82 81 4333 7062
81 82 10260 20116
81 80 2402 3356
80 81 4930 7198
80 79 25 31
79 80 35 96
79 78 2 3
78 79 114783 147021
78 77 7796 13105
77 78 15683 19960
77 76 17 31
76 77 51 96
76 75 2274 4440
75 76 4770 6205
75 74 2 3
74 75 7538 21134
74 73 21 55
73 74 19 51
73 72 83 123
72 73 101 127
72 71 2 3
71 72 11074 40400
71 70 56 90
70 71 25 94
70 69 245 427
69 70 442 780
69 68 181 355
68 69 147 517
68 67 368 444
67 68 144 445
67 66 46813 77953
66 67 23318 83467
66 65 5496 15667
65 66 20609 32449
65 64 269 606
64 65 765 1762
64 63 1518 2404
63 64 2926 5978
63 62 1134 2272
62 63 193 511
62 61 330 511
61 62 788 2272
61 60 3 7
60 61 35343 64717
60 59 7004 9752
59 60 8521 16914
59 58 37 148
28 29 53293 118950
28 27 0 0
27 28 0 0
27 26 33 45
26 27 104 154
26 25 118 153
25 26 28 45
25 24 5627 8938
24 25 752 1368
24 23 927 1368
23 24 6078 8938
23 22 96 118
22 23 48 93
22 21 43 93
21 22 37 118
21 20 2 3
20 21 15153 20785
20 19 805 1563
19 20 1738 5546
19 18 3362 4441
18 19 12712 18314
18 17 214 787
17 18 360 730
17 16 6158 7736
16 17 8529 29461
16 15 203 588
15 16 825 2211
15 14 1 3
14 15 25071 42150
14 13 615 1930
13 14 1851 3032
13 12 849 1443
0 493 2163466 0
0 492 2243249 0
0 491 2599179 0
0 490 2112510 0
0 489 1405891 0
0 488 2380166 0
0 487 1550291 0
0 486 2740427 0
0 485 2308045 0
0 484 1216294 0
0 483 1151223 0
0 482 1569476 0
0 481 1171683 0
0 480 1939781 0
0 479 1199345 0
0 478 2668314 0
0 477 1189025 0
0 476 1413859 0
0 475 1278230 0
0 474 955193 0
0 473 1089648 0
0 472 825514 0
0 471 2085374 0
0 470 2067774 0
0 469 2276355 0
0 468 747823 0
0 467 1524701 0
0 466 1486030 0
0 465 2138010 0
0 464 1546738 0
0 463 1605446 0
0 462 2047818 0
0 461 1159498 0
0 460 1717574 0
0 459 906158 0
0 458 2347559 0
0 457 2298545 0
0 456 2233692 0
0 455 848246 0
0 454 1597544 0
0 453 1842786 0
0 452 2042904 0
0 451 2056268 0
0 450 1187531 0
0 449 2321048 0
0 448 2116558 0
0 447 1089342 0
0 446 1701822 0
0 445 832018 0
0 444 1647979 0
0 443 2112997 0
0 442 1963546 0
0 441 784770 0
0 440 2011798 0
0 439 1703166 0
0 438 2329064 0
0 437 2266003 0
0 436 2127828 0
0 435 1274334 0
0 434 1429738 0
0 433 1580693 0
0 432 834735 0
0 431 1874509 0
0 430 745819 0
0 429 2078643 0
0 428 2055088 0
0 427 1124552 0
0 426 1013421 0
0 425 842967 0
0 424 1906151 0
0 423 799810 0
0 422 1342594 0
0 421 1952835 0
0 420 2126691 0
0 419 1499280 0
0 418 2444745 0
0 417 1844330 0
0 416 1254607 0
0 415 1569501 0
0 414 2258248 0
0 413 880121 0
0 412 917258 0
0 411 990508 0
0 410 990201 0
0 409 2250420 0
0 408 1232190 0
0 407 1276854 0
0 406 2075887 0
0 405 783517 0
0 404 2075350 0
0 403 1116433 0
0 402 2215440 0
0 401 1144183 0
0 400 1165645 0
0 399 1062804 0
0 398 1098457 0
0 397 2128180 0
0 396 2176067 0
0 395 2197483 0
0 394 2125826 0
0 393 1732647 0
0 392 783713 0
0 391 1005127 0
0 390 1021346 0
0 389 1308389 0
0 388 1463841 0
0 387 1019875 0
0 386 2198916 0
0 385 1747796 0
0 384 1620341 0
0 383 2227545 0
0 382 1580879 0
0 381 1910247 0
0 380 2353006 0
0 379 2303525 0
0 378 2135615 0
0 377 2090752 0
0 376 947912 0
0 375 1323175 0
0 374 1175067 0
0 373 988151 0
0 372 2311304 0
0 371 1929023 0
0 370 1887474 0
0 369 757242 0
0 368 1769446 0
0 367 2045427 0
0 366 1918740 0
0 365 2054259 0
0 364 911542 0
0 363 1890721 0
0 362 1324122 0
0 361 1776827 0
0 360 2214354 0
0 359 2171916 0
0 358 756383 0
0 357 1973400 0
0 356 1440473 0
0 355 716002 0
0 354 1078889 0
0 353 1390571 0
0 352 960649 0
0 351 2212339 0
0 350 1527169 0
0 349 1102265 0
0 348 1971983 0
0 347 2225418 0
0 346 1070556 0
0 345 768136 0
0 344 2000464 0
0 343 1095184 0
0 342 1642674 0
0 341 2059185 0
0 340 2135260 0
0 339 1267638 0
0 338 1613339 0
0 337 2364163 0
0 336 2160364 0
0 335 1766210 0
0 334 1077850 0
0 333 2032306 0
0 332 1309049 0
0 331 1298110 0
0 330 756455 0
0 329 1607484 0
0 328 1341770 0
0 327 890252 0
0 326 1223285 0
0 325 2144130 0
0 324 1017576 0
0 323 2210622 0
0 322 894156 0
0 321 2063888 0
0 320 2135949 0
0 319 1403844 0
0 318 1044980 0
0 317 1713642 0
0 316 1573252 0
0 315 1675091 0
0 314 1356203 0
0 313 708236 0
0 312 2056722 0
0 311 904010 0
0 310 1113956 0
0 309 1153276 0
0 308 1777003 0
0 307 1584595 0
0 306 2220631 0
0 305 1657953 0
0 304 1947621 0
0 303 1362609 0
0 302 1995198 0
0 301 1959103 0
0 300 946667 0
0 299 1509911 0
0 298 716783 0
0 297 729491 0
0 296 1971088 0
0 295 1273764 0
0 294 2223110 0
0 293 1488230 0
0 292 1998837 0
0 291 803187 0
0 290 1770824 0
0 289 756676 0
0 288 1856820 0
0 287 2335923 0
0 286 1552675 0
0 285 1896805 0
0 284 1160607 0
0 283 2090440 0
0 282 1796782 0
0 281 1714213 0
0 280 1156730 0
0 279 2127004 0
0 278 1484461 0
0 277 1965876 0
0 276 1303378 0
0 275 740143 0
0 274 1511994 0
0 273 1762463 0
0 272 1390560 0
0 271 1356692 0
0 270 762011 0
0 269 1198327 0
0 268 1710938 0
0 267 2189848 0
0 266 1427689 0
0 265 2180499 0
0 264 45627 0
0 263 1541766 0
0 262 703217 0
0 261 2248229 0
0 260 2073471 0
0 259 1387905 0
0 258 1808151 0
0 127 1134619 0
0 126 1544945 0
0 125 1389191 0
0 124 1464103 0
0 123 691116 0
0 122 1191925 0
0 121 949492 0
0 120 1960258 0
0 119 1790713 0
0 118 1936551 0
0 117 1441131 0
0 116 1406789 0
0 115 701770 0
0 114 1161279 0
0 113 1019923 0
0 112 1278716 0
0 111 699215 0
0 110 1788529 0
0 109 974928 0
0 108 1609112 0
0 107 1810163 0
0 106 1351068 0
0 105 856218 0
0 104 929414 0
0 103 1293668 0
0 102 1695006 0
0 101 873030 0
0 100 938638 0
0 99 1499485 0
0 98 1665377 0
0 97 848201 0
0 96 793170 0
0 95 1121176 0
0 94 1689260 0
0 93 1284369 0
0 92 584949 0
0 91 1820698 0
0 90 621585 0
0 89 1310193 0
0 88 832696 0
0 87 726822 0
0 86 652586 0
0 85 790792 0
0 84 1105792 0
0 83 1658096 0
0 82 566399 0
0 81 598218 0
0 80 900136 0
0 79 832061 0
0 78 1028110 0
0 77 997507 0
0 76 912518 0
0 75 1467532 0
0 74 1103866 0
0 73 772688 0
0 72 969522 0
0 71 870515 0
0 70 1446855 0
0 69 1024117 0
0 68 1324403 0
0 67 1281952 0
0 66 1284940 0
0 65 1056013 0
0 64 1341716 0
0 63 769774 0
0 62 1411603 0
0 61 718078 0
0 60 1362624 0
0 29 514327 0
0 28 210738 0
0 27 455981 0
0 26 341491 0
0 25 229030 0
0 24 174826 0
0 23 178153 0
0 22 334709 0
0 21 489097 0
0 20 207105 0
0 19 161383 0
0 18 228188 0
0 17 443760 0
0 16 419535 0
0 15 412322 0
0 14 344247 0
0 1 94388 0
0 2 157367 0
0 3 215246 0
0 4 202593 0
0 5 107463 0
0 6 152625 0
0 7 74324 0
0 8 84584 0
0 9 77078 0
0 10 131782 0
0 11 360752 0
0 12 264964 0
0 13 192460 0
0 30 325718 0
0 31 273689 0
0 32 526634 0
0 33 255825 0
0 34 221263 0
0 35 435064 0
0 36 359798 0
0 37 564553 0
0 38 523870 0
0 39 1268335 0
0 40 537079 0
0 41 439006 0
0 42 587197 0
0 43 1203131 0
0 44 610108 0
0 45 977087 0
0 46 758286 0
0 47 947309 0
0 48 1071585 0
0 49 1277300 0
0 50 1339387 0
0 51 1356875 0
0 52 527170 0
0 53 574612 0
0 54 974338 0
0 55 1213628 0
0 56 1307504 0
0 57 495016 0
0 58 1285157 0
0 59 1236932 0
0 128 1217083 0
0 129 1456216 0
0 130 1653836 0
0 131 1322600 0
0 132 1068088 0
0 133 2073251 0
0 134 2144037 0
0 135 1757860 0
0 136 1566213 0
0 137 1072751 0
0 138 857855 0
0 139 958842 0
0 140 1574950 0
0 141 1401807 0
0 142 1199748 0
0 143 1007823 0
0 144 1391247 0
0 145 1718508 0
0 146 2111736 0
0 147 1686823 0
0 148 2164728 0
0 149 1021807 0
0 150 1445260 0
0 151 1019187 0
0 152 2035050 0
0 153 1400182 0
0 154 1157958 0
0 155 1482205 0
0 156 1533465 0
0 157 1173978 0
0 158 1191819 0
0 159 917263 0
0 160 1102842 0
0 161 994143 0
0 162 2070727 0
0 163 1790100 0
0 164 1892815 0
0 165 1652962 0
0 166 1708769 0
0 167 1070392 0
0 168 1831298 0
0 169 755212 0
0 170 1753127 0
0 171 1972865 0
0 172 1180406 0
0 173 724896 0
0 174 1399180 0
0 175 685180 0
0 176 1931507 0
0 177 1596527 0
0 178 1477809 0
0 179 1574592 0
0 180 1520788 0
0 181 1839021 0
0 182 1631281 0
0 183 1716061 0
0 184 1814662 0
0 185 1980931 0
0 186 895539 0
0 187 1300980 0
0 188 1855395 0
0 189 687725 0
0 190 1324938 0
0 191 719584 0
0 192 1429139 0
0 193 1067363 0
0 194 760092 0
0 195 1030233 0
0 196 2156421 0
0 197 1430449 0
0 198 1596894 0
0 199 764093 0
0 200 1202324 0
0 201 2092477 0
0 202 1947225 0
0 203 1229500 0
0 204 1076089 0
0 205 1152550 0
0 206 769669 0
0 207 2274088 0
0 208 961678 0
0 209 795994 0
0 210 1037909 0
0 211 1167159 0
0 212 1945114 0
0 213 1732108 0
0 214 820553 0
0 215 1107422 0
0 216 905131 0
0 217 1039196 0
0 218 1594162 0
0 219 976023 0
0 220 1706505 0
0 221 861388 0
0 222 1419282 0
0 223 1910115 0
0 224 1226390 0
0 225 781755 0
0 226 1143864 0
0 227 1806275 0
0 228 2092960 0
0 229 1601526 0
0 230 2083407 0
0 231 818834 0
0 232 1965993 0
0 233 2294082 0
0 234 1693668 0
0 235 1667959 0
0 236 1629588 0
0 237 1627125 0
0 238 991789 0
0 239 2241246 0
0 240 1051253 0
0 241 749910 0
0 242 1063262 0
0 243 1088876 0
0 244 1330516 0
0 245 1949219 0
0 246 1118213 0
0 247 2119255 0
0 248 1288860 0
0 249 1844157 0
0 250 1012968 0
0 251 768062 0
0 252 1650347 0
0 253 1250057 0
0 254 1263088 0
0 255 1753828 0
0 256 2250942 0
0 257 1045190 0
1 2 664 860
2 3 22782 50360
2 1 329 409
3 4 83 130
3 2 1 3
4 5 1369 3301
4 3 58 127
5 6 7503 13390
5 4 924 2202
6 7 172 454
6 5 1966 6382
7 8 1683 5390
7 6 300 452
8 9 4611 6213
8 7 2 3
9 10 344 474
9 8 1596 6300
10 11 135565 252628
10 9 143 237
11 12 1119 1407
11 10 4 10
12 13 836 1386
12 11 225 328
29 30 336 442
29 28 2 3
30 31 29 39
30 29 200 332
31 32 500 1168
31 30 233 330
32 33 4315 12783
32 31 105 186
33 34 937 1437
33 32 1939 4038
34 35 17281 20836
34 33 267 862
35 36 15808 32254
35 34 4956 18634
36 37 322 495
36 35 12405 30934
37 38 259963 745758
37 36 130 339
38 39 38840 107816
38 37 242 321
39 40 33546 48250
39 38 0 3
40 41 504 949
40 39 11818 41797
41 42 9471 11683
41 40 28 94
42 43 3481 6004
42 41 4561 5620
43 44 8490 14518
43 42 1564 2052
44 45 65017 133120
44 43 57113 117718
45 46 1111 2262
45 44 2 3
46 47 524 718
46 45 1786 2229
47 48 7992 19251
47 46 65 260
48 49 5882 9651
48 47 4444 15940
49 50 1245 1968
49 48 2341 4719
50 51 6777 8400
50 49 229 381
51 52 116 318
51 50 1319 2683
52 53 101 225
52 51 202 330
53 54 384 532
53 52 57 225
54 55 45 145
54 53 258 538
55 56 124 303
55 54 62 144
56 57 2104 2880
56 55 70 94
57 58 82 192
57 56 969 2653
58 59 926 1598
58 57 90 172
127 128 115 139
127 126 126191 251016
128 129 61 132
128 127 47 96
129 130 17796 37506
129 128 77 132
130 131 1333 1749
130 129 7403 16569
131 132 1104 2302
131 130 2 3
132 134 14258 26067
132 133 357 723
132 131 741 1225
133 141 69843 99336
133 132 191 642
134 135 105 313
134 132 8 21
135 136 21916 72824
135 134 132 304
136 138 56 108
136 137 66 108
136 135 25824 58147
137 138 0 0
137 136 75 124
138 140 122 367
138 139 151 367
138 137 0 0
138 136 63 124
139 140 0 0
139 138 131 346
140 141 226 723
140 139 0 0
140 138 140 346
141 143 9 36
141 142 123 210
141 133 40904 58477
141 140 200 642
142 150 11914 14612
142 141 96 207
143 145 9331 12004
143 144 6654 12004
143 141 14 38
144 145 0 0
144 143 3449 6519
145 147 132 307
145 146 151 307
145 144 0 0
145 143 4830 6519
146 147 0 0
146 145 148 296
147 149 1529 2274
147 148 1543 2274
147 146 0 0
147 145 88 296
148 149 0 0
148 147 1575 2118
149 150 130 210
149 148 0 0
149 147 1116 2118
150 152 19 62
150 151 30 62
150 142 3225 8962
150 149 93 207
151 152 0 0
151 150 23 61
152 158 12729 29534
152 155 312 918
152 153 412 919
152 151 0 0
152 150 25 61
153 154 25 69
153 152 503 1436
154 164 32339 72578
154 153 48 166
155 156 15565 28677
155 152 398 490
156 157 78 109
156 155 14484 28376
157 158 0 0
157 156 60 170
158 160 373 703
158 159 369 703
158 157 0 0
158 152 11403 28867
159 160 0 0
159 158 293 712
160 163 18574 43732
160 162 31914 43732
160 161 293 403
160 159 0 0
160 158 508 712
161 180 23429 92170
161 160 83 207
162 163 0 0
162 160 37516 46552
163 164 735 979
163 162 0 0
163 160 30851 46552
164 174 584 1464
164 171 332 422
164 170 24023 44772
164 169 58 192
164 168 403 552
164 166 124 422
164 165 95 229
164 167 176 372
164 154 46730 74740
164 163 877 1593
165 179 23752 47342
165 164 83 250
166 173 852 1041
166 164 18 63
167 178 11887 46980
167 164 123 157
168 177 22756 46428
168 164 418 606
169 176 16620 46236
169 164 85 274
170 175 727 1464
170 164 38610 59817
171 172 580 1041
171 164 46 63
172 173 0 0
172 171 36 88
173 174 0 0
173 166 67 88
173 172 0 0
174 175 36547 44772
174 173 0 0
174 164 57 152
175 176 55 192
175 170 56 152
175 174 21853 59817
176 177 200 552
176 169 21972 59970
176 175 222 274
177 178 221 372
177 168 41024 60244
177 176 255 606
178 179 148 229
178 167 43117 60850
178 177 123 157
179 180 247 313
179 165 45292 60998
179 178 100 250
180 182 6891 22123
180 181 126 442
180 161 84929 109275
180 179 37 110
181 183 253 328
181 180 208 453
182 187 536 663
182 186 1120 2370
182 185 1103 2488
182 184 430 663
182 180 14889 19394
183 232 120891 256273
183 181 167 332
184 187 0 0
184 182 83 206
185 189 1612 3033
185 182 235 422
186 188 476 663
186 182 1455 2040
187 188 1624 2370
187 184 0 0
187 182 151 206
188 189 1433 2488
188 186 85 206
188 187 923 2040
189 192 356 1266
189 191 989 1266
189 190 90 129
189 185 1044 2246
189 188 175 422
190 233 86596 232020
190 189 57 130
191 192 0 0
191 189 486 636
192 196 68 172
192 195 1330 2740
192 193 689 2060
192 191 0 0
192 189 384 636
193 194 649 918
193 192 272 747
194 195 0 0
194 193 259 373
195 197 86 172
195 194 0 0
195 192 635 883
196 197 964 2740
196 192 75 172
197 199 516 636
197 198 422 636
197 196 322 883
197 195 130 172
198 199 0 0
198 197 865 1266
199 200 38464 141922
199 198 0 0
199 197 377 1266
200 201 11252 19658
200 199 94325 162100
201 202 12972 23126
201 200 6481 17162
202 203 47654 161528
202 201 10705 25030
203 205 31 110
203 204 54 110
203 202 4322 13177
204 205 0 0
204 203 79 109
205 207 21330 39010
205 206 67 166
205 204 0 0
205 203 85 109
206 213 832 2594
206 205 50 122
207 209 89 134
207 208 70 134
207 205 18588 44054
208 209 0 0
208 207 60 109
209 211 233 322
209 210 178 322
209 208 0 0
209 207 80 109
210 211 0 0
210 209 136 439
211 212 1021 1867
211 210 0 0
211 209 295 439
212 214 1453 2761
212 211 651 1268
213 214 32061 40790
213 206 171 301
214 216 89 193
214 215 147 193
214 213 28772 45322
214 212 136 423
215 216 0 0
215 214 56 177
216 217 10283 24886
216 215 0 0
216 214 126 177
217 219 77 166
217 218 125 166
217 216 9838 14379
218 219 0 0
218 217 76 165
219 223 834 1642
219 220 952 1609
219 218 0 0
219 217 102 165
220 221 117 204
220 219 669 1260
221 222 80 109
221 220 61 170
222 223 0 0
222 221 36 115
223 225 26 97
223 224 36 97
223 222 0 0
223 219 616 1260
224 225 0 0
224 223 55 109
225 227 42 129
225 226 73 129
225 224 0 0
225 223 78 109
226 227 0 0
226 225 103 130
227 229 74 171
227 228 57 171
227 226 0 0
227 225 33 130
228 229 0 0
228 227 928 1647
229 230 133 279
229 228 0 0
229 227 639 1647
230 232 91 120
230 231 87 146
230 229 875 2581
231 378 126330 486544
231 230 79 141
232 233 101 129
232 183 72188 114447
232 230 51 134
233 235 27249 56002
233 234 45552 56002
233 190 29372 95791
233 232 63 130
234 235 0 0
234 233 35494 79657
235 236 28 63
235 234 0 0
235 233 31566 79657
236 239 220 525
236 238 294 525
236 237 209 270
236 235 57 108
237 240 67 152
237 236 2 3
238 239 0 0
238 236 307 522
239 241 162 331
239 238 0 0
239 236 167 522
240 241 335 525
240 237 30 91
241 242 36 92
241 240 164 522
241 239 1 3
242 243 96 147
242 241 64 87
243 244 160 298
243 242 75 147
244 245 870 1378
244 243 72 147
245 247 2768 4442
245 246 1367 4442
245 244 502 684
246 247 0 0
246 245 982 1288
247 252 2529 4570
247 249 73 91
247 248 43 91
247 246 0 0
247 245 796 1288
248 249 0 0
248 247 30 42
249 251 31 42
249 250 12 42
249 248 0 0
249 247 19 42
250 251 0 0
250 249 66 91
251 253 3232 4570
251 250 0 0
251 249 52 91
252 254 1299 3692
252 253 0 0
252 247 592 856
253 255 1814 3692
253 252 0 0
253 251 299 856
254 256 3587 6321
254 255 0 0
254 252 386 886
255 257 2410 6321
255 254 0 0
255 253 582 886
256 258 372 580
256 257 0 0
256 254 275 973
