0 1 185394 0
0 2 185794 0
0 3 227761 0
0 4 227764 0
0 5 228725 0
0 6 235121 0
0 7 235123 0
0 8 239615 0
0 9 239657 0
0 10 239889 0
0 11 450532 0
0 12 451494 0
0 13 451470 0
0 14 452392 0
0 15 487517 0
0 16 488944 0
0 17 508331 0
0 18 508280 0
0 19 520380 0
0 20 523949 0
0 21 541270 0
0 22 541294 0
0 23 541270 0
0 24 548612 0
0 25 541270 0
0 26 541174 0
0 27 541271 0
0 28 541271 0
0 29 640396 0
0 30 640491 0
0 31 640249 0
0 32 641121 0
0 33 648780 0
0 34 649324 0
0 35 651359 0
0 36 652747 0
0 37 652883 0
0 38 1274089 0
0 39 1363936 0
0 40 1369170 0
0 41 1369903 0
0 42 1375160 0
0 43 1378702 0
0 44 1285928 0
0 45 1396862 0
0 46 1396907 0
0 47 1397307 0
0 48 1399970 0
0 49 1404355 0
0 50 1405788 0
0 51 1410919 0
0 52 1410912 0
0 53 1410912 0
0 54 1410901 0
0 55 1410902 0
0 56 1411082 0
0 57 1411275 0
0 58 1411303 0
0 59 1412525 0
0 60 1418914 0
0 61 1472845 0
0 62 1474377 0
0 63 1472845 0
0 64 1475942 0
0 65 1476948 0
0 66 1492100 0
0 67 1497435 0
0 68 1497436 0
0 69 1497577 0
0 70 1497895 0
0 71 1497899 0
0 72 1531566 0
0 73 1531569 0
0 74 1531566 0
0 75 1549178 0
0 76 1550340 0
0 77 1550397 0
0 78 1555658 0
0 79 1678176 0
0 80 1678233 0
0 81 1681636 0
0 82 1693265 0
0 83 1706098 0
0 84 1710636 0
0 85 1711531 0
0 86 1711540 0
0 87 1735136 0
0 88 1735309 0
0 89 1786384 0
0 90 1820345 0
0 91 1826786 0
0 92 1827139 0
0 93 1829509 0
0 94 1829703 0
0 95 1829735 0
0 96 1829703 0
0 97 1836886 0
0 98 1836903 0
0 99 1853519 0
0 100 1836935 0
0 101 1837774 0
0 102 1858373 0
0 103 1868109 0
0 104 1875658 0
0 105 1896990 0
0 106 1897837 0
0 107 1899392 0
0 108 1899638 0
0 109 1900488 0
0 110 1960359 0
0 111 1963895 0
0 112 1970268 0
0 113 1985387 0
0 114 1985373 0
0 115 1985127 0
0 116 1984804 0
0 117 1984566 0
0 118 1986457 0
0 119 1986005 0
0 120 2050175 0
0 121 2050175 0
0 122 2110533 0
0 123 2111556 0
0 124 2116574 0
0 125 2140560 0
0 126 2140879 0
0 127 2128464 0
0 128 2128509 0
0 129 2128509 0
0 130 2146809 0
0 131 2148267 0
0 132 2149216 0
0 133 2149287 0
0 134 2171171 0
0 135 2171177 0
0 136 2186338 0
0 137 2186324 0
0 138 2186324 0
0 139 2186341 0
0 140 2186341 0
0 141 2186412 0
0 142 2186414 0
0 143 2186413 0
0 144 2191261 0
0 145 2191261 0
0 146 2191270 0
0 147 2191270 0
0 148 2191460 0
0 149 2191460 0
0 150 2191462 0
0 151 2191463 0
0 152 2191463 0
0 153 2191032 0
0 154 2190948 0
0 155 2191819 0
0 156 2192070 0
0 157 2192019 0
0 158 2192019 0
0 159 2192011 0
0 160 2192011 0
0 161 2192193 0
0 162 2188992 0
0 163 2188992 0
0 164 2188477 0
0 165 2188459 0
0 166 2188800 0
0 167 2188663 0
0 168 2188432 0
0 169 2188405 0
0 170 2177166 0
0 171 2188800 0
0 172 2189611 0
0 173 2189611 0
0 174 2189611 0
0 175 2178300 0
0 176 2178228 0
0 177 2178183 0
0 178 2178369 0
0 179 2178351 0
0 180 2178539 0
0 181 2178530 0
0 182 2180788 0
0 183 2178527 0
0 184 2181192 0
0 185 2182592 0
0 186 2181071 0
0 187 2181192 0
0 188 2181475 0
0 189 2183279 0
0 190 2183278 0
0 191 2183854 0
0 192 2183854 0
0 193 2185047 0
0 194 2185500 0
0 195 2185500 0
0 196 2183854 0
0 197 2185500 0
0 198 2184925 0
0 199 2184925 0
0 200 2157593 0
0 201 2159700 0
0 202 2158665 0
0 203 2292854 0
0 204 2292855 0
0 205 2292855 0
0 206 2292893 0
0 207 2285759 0
0 208 2285780 0
0 209 2285780 0
0 210 2285686 0
0 211 2285686 0
0 212 2286215 0
0 213 2294998 0
0 214 2288358 0
0 215 2288371 0
0 216 2288371 0
0 217 2297709 0
0 218 2297710 0
0 219 2297710 0
0 220 2298022 0
0 221 2298050 0
0 222 2298050 0
0 223 2298050 0
0 224 2298040 0
0 225 2298040 0
0 226 2298039 0
0 227 2298039 0
0 228 2296727 0
0 229 2296727 0
0 230 2294635 0
0 231 2294639 0
0 232 2294623 0
0 233 2294622 0
0 234 2274910 0
0 235 2274910 0
0 236 2274873 0
0 237 2275098 0
0 238 2274876 0
0 239 2274876 0
0 240 2275149 0
0 241 2275152 0
0 242 2275156 0
0 243 2275156 0
0 244 2275288 0
0 245 2275897 0
0 246 2278680 0
0 247 2278680 0
0 248 2278727 0
0 249 2278727 0
0 250 2278680 0
0 251 2278680 0
0 252 2282006 0
0 253 2282006 0
0 254 2284589 0
0 255 2284589 0
0 256 2289334 0
0 257 2289334 0
0 258 2289536 0
0 259 2289536 0
0 260 2289510 0
0 261 2289510 0
0 262 2290241 0
0 263 2290241 0
0 264 80319 0
0 265 2290241 0
0 266 2369528 0
0 267 2383602 0
0 268 2383602 0
0 269 2386256 0
0 270 2386256 0
0 271 2386306 0
0 272 2386338 0
0 273 2386420 0
0 274 2386420 0
0 275 2386424 0
0 276 2386604 0
0 277 2386604 0
0 278 2386416 0
0 279 2387308 0
0 280 2387308 0
0 281 2387312 0
0 282 2387312 0
0 283 2387312 0
0 284 2387312 0
0 285 2387519 0
0 286 2387593 0
0 287 2387593 0
0 288 2387589 0
0 289 2387598 0
0 290 2387589 0
0 291 2395031 0
0 292 2386573 0
0 293 2386573 0
0 294 2386620 0
0 295 2386620 0
0 296 2392621 0
0 297 2392621 0
0 298 2282336 0
0 299 2282323 0
0 300 2396361 0
0 301 2396092 0
0 302 2285794 0
0 303 2286648 0
0 304 2286578 0
0 305 2286647 0
0 306 2286526 0
0 307 2286526 0
0 308 2286526 0
0 309 2286526 0
0 310 2286530 0
0 311 2272893 0
0 312 2272893 0
0 313 2273369 0
0 314 2273371 0
0 315 2273377 0
0 316 2273312 0
0 317 2302267 0
0 318 2294242 0
0 319 2294242 0
0 320 2307230 0
0 321 2307230 0
0 322 2307230 0
0 323 2307229 0
0 324 2307229 0
0 325 2307229 0
0 326 2319238 0
0 327 2319273 0
0 328 2319361 0
0 329 2319912 0
0 330 2331270 0
0 331 2331270 0
0 332 2338712 0
0 333 2338781 0
0 334 2346160 0
0 335 2346160 0
0 336 2377828 0
0 337 2377828 0
0 338 2382197 0
0 339 2382197 0
0 340 2382011 0
0 341 2382011 0
0 342 2382008 0
0 343 2382008 0
0 344 2382014 0
0 345 2382011 0
0 346 2382011 0
0 347 2381234 0
0 348 2381234 0
0 349 2345214 0
0 350 2345214 0
0 351 2345259 0
0 352 2345259 0
0 353 2345259 0
0 354 2345259 0
0 355 2345259 0
0 356 2345259 0
0 357 2345254 0
0 358 2345254 0
0 359 2353685 0
0 360 2353685 0
0 361 2353784 0
0 362 2353784 0
0 363 2353910 0
0 364 2353910 0
0 365 2353860 0
0 366 2353860 0
0 367 2354054 0
0 368 2354467 0
0 369 2354467 0
0 370 2354565 0
0 371 2354565 0
0 372 2354563 0
0 373 2354563 0
0 374 2354562 0
0 375 2354066 0
0 376 2354066 0
0 377 2354071 0
0 378 2354075 0
0 379 2354067 0
0 380 2354113 0
0 381 2354114 0
0 382 2374338 0
0 383 2374338 0
0 384 2374337 0
0 385 2374321 0
0 386 2374315 0
0 387 2374315 0
0 388 2382229 0
0 389 2382639 0
0 390 2382836 0
0 391 2384816 0
0 392 2384815 0
0 393 2384957 0
0 394 2384957 0
0 395 2384980 0
0 396 2385018 0
0 397 2385026 0
0 398 2385026 0
0 399 2385056 0
0 400 2385931 0
0 401 2385924 0
0 402 2385992 0
0 403 2385551 0
0 404 2385619 0
0 405 2355434 0
0 406 2386939 0
0 407 2273298 0
0 408 2387467 0
0 409 2387467 0
0 410 2474842 0
0 411 2474685 0
0 412 2474461 0
0 413 2475723 0
0 414 2476017 0
0 415 2476017 0
0 416 2475998 0
0 417 2475998 0
0 418 2476435 0
0 419 2476580 0
0 420 2476625 0
0 421 2476625 0
0 422 2476625 0
0 423 2477117 0
0 424 2477356 0
0 425 2477356 0
0 426 2481860 0
0 427 2478007 0
0 428 2478007 0
0 429 2480467 0
0 430 2481118 0
0 431 2478274 0
0 432 2478368 0
0 433 2480215 0
0 434 2480213 0
0 435 2480213 0
0 436 2480418 0
0 437 2482253 0
0 438 2477863 0
0 439 2477863 0
0 440 2476915 0
0 441 2476915 0
0 442 2476388 0
0 443 2476388 0
0 444 2476228 0
0 445 2477216 0
0 446 2477216 0
0 447 2477270 0
0 448 2477274 0
0 449 2477274 0
0 450 2479077 0
0 451 2479685 0
0 452 2482113 0
0 453 2482112 0
0 454 2482112 0
0 455 2482116 0
0 456 2482116 0
0 457 2483093 0
0 458 2483093 0
0 459 2483157 0
0 460 2483540 0
0 461 2483124 0
0 462 2483507 0
0 463 2483672 0
0 464 2482950 0
0 465 2482950 0
0 466 2483083 0
0 467 2483083 0
0 468 2482493 0
0 469 2483133 0
0 470 2483133 0
0 471 2483119 0
0 472 2483759 0
0 473 2483758 0
0 474 2483758 0
0 475 2492666 0
0 476 2492666 0
0 477 2744897 0
0 478 2744897 0
0 479 2744897 0
0 480 2744897 0
0 481 2744933 0
0 482 2744898 0
0 483 2744946 0
0 484 2745033 0
0 485 2745188 0
0 486 2745237 0
0 487 2745191 0
0 488 2747813 0
0 489 2762331 0
0 490 2747767 0
0 491 2762285 0
0 492 2762312 0
0 493 2762312 0
1 2 717 717
2 1 341 341
2 3 41967 41967
3 2 3 3
3 4 109 109
4 3 106 106
4 5 2751 2751
5 4 1835 1835
5 6 11159 11159
6 5 5319 5319
6 7 379 379
7 6 377 377
7 8 4492 4492
8 7 3 3
8 9 5178 5178
9 8 5250 5250
9 10 395 395
10 9 198 198
10 11 210524 210524
11 10 9 9
11 12 1173 1173
12 11 274 274
12 13 1155 1155
13 12 1203 1203
13 14 2527 2527
14 13 1609 1609
14 15 35125 35125
15 14 3 3
15 16 1843 1843
16 15 490 490
16 17 24551 24551
17 16 6447 6447
17 18 609 609
18 17 656 656
18 19 15262 15262
19 18 3701 3701
19 20 4622 4622
20 19 1303 1303
20 21 17321 17321
21 20 3 3
21 22 99 99
22 21 78 78
22 23 78 78
23 22 99 99
23 24 7449 7449
24 23 1140 1140
24 25 1140 1140
25 24 7449 7449
25 26 38 38
26 25 128 128
26 27 129 129
27 26 38 38
27 28 0 0
28 27 0 0
28 29 99125 99125
29 28 3 3
29 30 369 369
30 29 277 277
30 31 33 33
31 30 275 275
31 32 974 974
32 31 155 155
32 33 10653 10653
33 32 3365 3365
33 34 1198 1198
34 33 719 719
34 35 17364 17364
35 34 15529 15529
35 36 26879 26879
36 35 25779 25779
36 37 413 413
37 36 283 283
37 38 621465 621465
38 37 268 268
38 39 89847 89847
39 38 3 3
39 40 40209 40209
40 39 34831 34831
40 41 791 791
41 40 79 79
41 42 9736 9736
42 41 4684 4684
42 43 5004 5004
43 42 1710 1710
43 44 12099 12099
44 43 98099 98099
44 45 110934 110934
45 44 3 3
45 46 1885 1885
46 45 1858 1858
46 47 599 599
47 46 217 217
47 48 16043 16043
48 47 13284 13284
48 49 8043 8043
49 48 3933 3933
49 50 1640 1640
50 49 318 318
50 51 7000 7000
51 50 2236 2236
51 52 265 265
52 51 275 275
52 53 188 188
53 52 188 188
53 54 444 444
54 53 449 449
54 55 121 121
55 54 120 120
55 56 253 253
56 55 79 79
56 57 2400 2400
57 56 2211 2211
57 58 160 160
58 57 144 144
58 59 1332 1332
59 58 124 124
59 60 14095 14095
60 59 8127 8127
60 61 53931 53931
61 60 6 6
61 62 1894 1894
62 61 426 426
62 63 426 426
63 62 1894 1894
63 64 4982 4982
64 63 2004 2004
64 65 1469 1469
65 64 505 505
65 66 27041 27041
66 65 13056 13056
66 67 69556 69556
67 66 64961 64961
67 68 371 371
68 67 370 370
68 69 431 431
69 68 296 296
69 70 650 650
70 69 356 356
70 71 79 79
71 70 75 75
71 72 33667 33667
72 71 3 3
72 73 106 106
73 72 103 103
73 74 43 43
74 73 46 46
74 75 17612 17612
75 74 3 3
75 76 5171 5171
76 75 3700 3700
76 77 80 80
77 76 26 26
77 78 16634 16634
78 77 10921 10921
78 79 122518 122518
79 78 3 3
79 80 80 80
80 79 26 26
80 81 5999 5999
81 80 2797 2797
81 82 16764 16764
82 81 5885 5885
82 83 43016 43016
83 82 33247 33247
83 84 12326 12326
84 83 8059 8059
84 85 1966 1966
85 84 1113 1113
85 86 1611 1611
86 85 1604 1604
86 87 61931 61931
87 86 40502 40502
87 88 735 735
88 87 571 571
88 89 71098 71098
89 88 22477 22477
89 90 33961 33961
90 89 3 3
90 91 18961 18961
91 90 12344 12344
91 92 1284 1284
92 91 953 953
92 93 2637 2637
93 92 445 445
93 94 373 373
94 93 185 185
94 95 18679 18679
95 94 17397 17397
95 96 17397 17397
96 95 18679 18679
96 97 26614 26614
97 96 20006 20006
97 98 226 226
98 97 210 210
98 99 16616 16616
99 98 3 3
99 100 2063 2063
100 99 17394 17394
100 101 3135 3135
101 100 2334 2334
101 102 54309 54309
102 101 35200 35200
102 103 22148 22148
103 102 13220 13220
103 104 29395 29395
104 103 22270 22270
104 105 29462 29462
105 104 9397 9397
105 106 959 959
106 105 121 121
106 107 2116 2116
107 106 668 668
107 108 462 462
108 107 219 219
108 109 1437 1437
109 108 636 636
109 110 59871 59871
110 109 9 9
110 111 4316 4316
111 110 1146 1146
111 112 14575 14575
112 111 8395 8395
112 113 15119 15119
113 112 3 3
113 114 98 98
114 113 112 112
114 115 253 253
115 114 490 490
115 116 133 133
116 115 444 444
116 117 164 164
117 116 390 390
117 118 3567 3567
118 117 1756 1756
118 119 9984 9984
119 118 10427 10427
119 120 64170 64170
120 119 6 6
120 121 91 91
121 120 112 112
121 122 99573 99573
122 121 42474 42474
122 123 1543 1543
123 122 564 564
123 124 5264 5264
124 123 656 656
124 125 45245 45245
125 124 22473 22473
125 126 394 394
126 125 98 98
126 127 212461 212461
127 126 209180 209180
127 128 116 116
128 127 80 80
128 129 110 110
129 128 110 110
129 130 31255 31255
130 129 13808 13808
130 131 1458 1458
131 130 3 3
131 132 1919 1919
132 131 1021 1021
132 133 603 603
132 134 21723 21723
133 132 535 535
133 141 82780 82780
134 132 18 18
134 135 261 261
135 134 254 254
135 136 60687 60687
136 135 48456 48456
136 137 90 90
136 138 90 90
137 136 104 104
137 138 0 0
138 136 104 104
138 137 0 0
138 139 306 306
138 140 306 306
139 138 289 289
139 140 0 0
140 138 289 289
140 139 0 0
140 141 603 603
141 140 535 535
141 133 48731 48731
141 142 175 175
141 143 30 30
142 141 173 173
142 150 12177 12177
143 141 32 32
143 144 10004 10004
143 145 10004 10004
144 143 5433 5433
144 145 0 0
145 143 5433 5433
145 144 0 0
145 146 256 256
145 147 256 256
146 145 247 247
146 147 0 0
147 145 247 247
147 146 0 0
147 148 1895 1895
147 149 1895 1895
148 147 1765 1765
148 149 0 0
149 147 1765 1765
149 148 0 0
149 150 175 175
150 149 173 173
150 142 7469 7469
150 151 52 52
150 152 52 52
151 150 51 51
151 152 0 0
152 150 51 51
152 151 0 0
152 153 766 766
152 155 765 765
152 158 24612 24612
153 152 1197 1197
153 154 58 58
154 153 139 139
154 164 60482 60482
155 152 409 409
155 156 23898 23898
156 155 23647 23647
156 157 91 91
157 156 142 142
157 158 0 0
158 152 24056 24056
158 157 0 0
158 159 586 586
158 160 586 586
159 158 594 594
159 160 0 0
160 158 594 594
160 159 0 0
160 161 336 336
160 162 36444 36444
160 163 36444 36444
161 160 173 173
161 180 76809 76809
162 160 38794 38794
162 163 0 0
163 160 38794 38794
163 162 0 0
163 164 816 816
164 163 1328 1328
164 154 62284 62284
164 165 191 191
164 166 352 352
164 167 310 310
164 168 460 460
164 169 160 160
164 170 37310 37310
164 171 352 352
164 174 1220 1220
165 164 209 209
165 179 39452 39452
166 164 53 53
166 173 868 868
167 164 131 131
167 178 39150 39150
168 164 505 505
168 177 38690 38690
169 164 229 229
169 176 38530 38530
170 164 49848 49848
170 175 1220 1220
171 164 53 53
171 172 868 868
172 171 74 74
172 173 0 0
173 172 0 0
173 166 74 74
173 174 0 0
174 164 127 127
174 173 0 0
174 175 37310 37310
175 174 49848 49848
175 170 127 127
175 176 160 160
176 175 229 229
176 169 49975 49975
176 177 460 460
177 176 505 505
177 168 50204 50204
177 178 310 310
178 177 131 131
178 167 50709 50709
178 179 191 191
179 178 209 209
179 165 50832 50832
179 180 261 261
180 179 92 92
180 161 91063 91063
180 181 369 369
180 182 18436 18436
181 180 378 378
181 183 274 274
182 180 16162 16162
182 184 553 553
182 185 2074 2074
182 186 1975 1975
182 187 553 553
183 181 277 277
183 232 213561 213561
184 182 172 172
184 187 0 0
185 182 352 352
185 189 2528 2528
186 182 1700 1700
186 188 553 553
187 182 172 172
187 184 0 0
187 188 1975 1975
188 187 1700 1700
188 186 172 172
188 189 2074 2074
189 188 352 352
189 185 1872 1872
189 190 108 108
189 191 1055 1055
189 192 1055 1055
190 189 109 109
190 233 193350 193350
191 189 530 530
191 192 0 0
192 189 530 530
192 191 0 0
192 193 1717 1717
192 195 2284 2284
192 196 144 144
193 192 623 623
193 194 765 765
194 193 311 311
194 195 0 0
195 192 736 736
195 194 0 0
195 197 144 144
196 192 144 144
196 197 2284 2284
197 195 144 144
197 196 736 736
197 198 530 530
197 199 530 530
198 197 1055 1055
198 199 0 0
199 197 1055 1055
199 198 0 0
199 200 118269 118269
200 199 135084 135084
200 201 16382 16382
201 200 14302 14302
201 202 19272 19272
202 201 20859 20859
202 203 134607 134607
203 202 10981 10981
203 204 92 92
203 205 92 92
204 203 91 91
204 205 0 0
205 203 91 91
205 204 0 0
205 206 139 139
205 207 32509 32509
206 205 102 102
206 213 2162 2162
207 205 36712 36712
207 208 112 112
207 209 112 112
208 207 91 91
208 209 0 0
209 207 91 91
209 208 0 0
209 210 269 269
209 211 269 269
210 209 366 366
210 211 0 0
211 209 366 366
211 210 0 0
211 212 1556 1556
212 211 1057 1057
212 214 2301 2301
213 206 251 251
213 214 33992 33992
214 212 353 353
214 213 37769 37769
214 215 161 161
214 216 161 161
215 214 148 148
215 216 0 0
216 214 148 148
216 215 0 0
216 217 20739 20739
217 216 11983 11983
217 218 139 139
217 219 139 139
218 217 138 138
218 219 0 0
219 217 138 138
219 218 0 0
219 220 1341 1341
219 223 1369 1369
220 219 1050 1050
220 221 170 170
221 220 142 142
221 222 91 91
222 221 96 96
222 223 0 0
223 219 1050 1050
223 222 0 0
223 224 81 81
223 225 81 81
224 223 91 91
224 225 0 0
225 223 91 91
225 224 0 0
225 226 108 108
225 227 108 108
226 225 109 109
226 227 0 0
227 225 109 109
227 226 0 0
227 228 143 143
227 229 143 143
228 227 1373 1373
228 229 0 0
229 227 1373 1373
229 228 0 0
229 230 233 233
230 229 2151 2151
230 231 122 122
230 232 100 100
231 230 118 118
231 378 405454 405454
232 230 112 112
232 183 95373 95373
232 233 108 108
233 232 109 109
233 190 79826 79826
233 234 46669 46669
233 235 46669 46669
234 233 66381 66381
234 235 0 0
235 233 66381 66381
235 234 0 0
235 236 53 53
236 235 90 90
236 237 225 225
236 238 438 438
236 239 438 438
237 236 3 3
237 240 127 127
238 236 435 435
238 239 0 0
239 236 435 435
239 238 0 0
239 241 276 276
240 237 76 76
240 241 438 438
241 239 3 3
241 240 435 435
241 242 77 77
242 241 73 73
242 243 123 123
243 242 123 123
243 244 249 249
244 243 123 123
244 245 1149 1149
245 244 570 570
245 246 3702 3702
245 247 3702 3702
246 245 1074 1074
246 247 0 0
247 245 1074 1074
247 246 0 0
247 248 76 76
247 249 76 76
247 252 3809 3809
248 247 35 35
248 249 0 0
249 247 35 35
249 248 0 0
249 250 35 35
249 251 35 35
250 249 76 76
250 251 0 0
251 249 76 76
251 250 0 0
251 253 3809 3809
252 247 714 714
252 253 0 0
252 254 3077 3077
253 251 714 714
253 252 0 0
253 255 3077 3077
254 252 739 739
254 255 0 0
254 256 5268 5268
255 253 739 739
255 254 0 0
255 257 5268 5268
256 254 811 811
256 257 0 0
256 258 484 484
257 255 811 811
257 256 0 0
257 259 484 484
258 256 280 280
258 259 0 0
259 257 280 280
259 258 0 0
259 260 62 62
259 261 62 62
260 259 76 76
260 261 0 0
261 259 76 76
261 260 0 0
261 262 2139 2139
261 263 2139 2139
262 261 1345 1345
262 263 0 0
263 261 1345 1345
263 262 0 0
263 264 79425 79425
264 263 2288573 2288573
264 265 2288573 2288573
265 264 79425 79425
265 266 79287 79287
266 265 3 3
266 267 33593 33593
266 268 33593 33593
267 266 20246 20246
267 268 0 0
268 266 20246 20246
268 267 0 0
268 269 3358 3358
268 270 3358 3358
269 268 935 935
269 270 0 0
270 268 935 935
270 269 0 0
270 271 79 79
270 274 222 222
271 270 44 44
271 272 96 96
272 271 64 64
272 273 111 111
273 272 44 44
273 274 0 0
274 270 88 88
274 273 0 0
274 275 104 104
274 276 2304 2304
274 277 2304 2304
275 274 100 100
275 278 65 65
276 274 2120 2120
276 277 0 0
277 274 2120 2120
277 276 0 0
277 279 879 879
277 280 879 879
278 275 73 73
278 379 296356 296356
279 277 118 118
279 280 0 0
280 277 118 118
280 279 0 0
280 281 311 311
280 282 311 311
281 280 307 307
281 282 0 0
282 280 307 307
282 281 0 0
282 283 191 191
282 284 191 191
283 282 191 191
283 284 0 0
284 282 191 191
284 283 0 0
284 285 1173 1173
285 284 972 972
285 286 479 479
285 287 479 479
286 285 390 390
286 287 0 0
287 285 390 390
287 286 0 0
287 288 70 70
287 289 192 192
287 290 70 70
288 287 74 74
288 290 0 0
289 287 187 187
289 377 292334 292334
290 287 74 74
290 288 0 0
290 291 7442 7442
290 292 8556 8556
290 293 8556 8556
291 290 3 3
291 332 218949 218949
292 290 9389 9389
292 293 0 0
293 290 9389 9389
293 292 0 0
293 294 76 76
293 295 76 76
294 293 32 32
294 295 0 0
295 293 32 32
295 294 0 0
295 296 46963 46963
295 297 46963 46963
296 295 41430 41430
296 297 0 0
297 295 41430 41430
297 296 0 0
297 298 3 3
297 300 10162 10162
298 297 110285 110285
298 299 87 87
299 298 100 100
299 302 14092 14092
300 297 6786 6786
300 301 4869 4869
301 300 5181 5181
301 302 90 90
302 301 110385 110385
302 299 11006 11006
302 303 2778 2778
303 302 2008 2008
303 304 4617 4617
304 303 4714 4714
304 305 202 202
304 306 284 284
304 307 284 284
305 304 136 136
305 333 157710 157710
306 304 336 336
306 307 0 0
307 304 336 336
307 306 0 0
307 308 436 436
307 309 436 436
308 307 436 436
308 309 0 0
309 307 436 436
309 308 0 0
309 310 126 126
310 309 122 122
310 311 3068 3068
310 312 3068 3068
311 310 16705 16705
311 312 0 0
312 310 16705 16705
312 311 0 0
312 313 476 476
313 312 3 3
313 314 85 85
314 313 83 83
314 315 188 188
315 314 182 182
315 316 307 307
316 315 369 369
316 317 54311 54311
316 407 86 86
317 316 27632 27632
317 318 33386 33386
317 319 33386 33386
318 317 39234 39234
318 319 0 0
319 317 39234 39234
319 318 0 0
319 320 19231 19231
319 321 19231 19231
320 319 6870 6870
320 321 0 0
321 319 6870 6870
321 320 0 0
321 322 93 93
321 323 96 96
321 324 96 96
322 321 93 93
322 325 96 96
323 321 97 97
323 324 0 0
324 321 97 97
324 323 0 0
324 325 93 93
325 324 93 93
325 322 97 97
325 326 25555 25555
326 325 14981 14981
326 327 201 201
327 326 164 164
327 328 237 237
327 329 1327 1327
328 327 155 155
328 331 12456 12456
329 327 733 733
329 330 11358 11358
330 329 3 3
330 331 0 0
331 330 0 0
331 328 589 589
331 332 7442 7442
332 331 3 3
332 291 276975 276975
332 333 202 202
333 332 136 136
333 305 106465 106465
333 334 14415 14415
333 335 14415 14415
334 333 7868 7868
334 335 0 0
335 333 7868 7868
335 334 0 0
335 336 31668 31668
335 337 31668 31668
336 335 3 3
336 337 0 0
337 335 3 3
337 336 0 0
337 338 5268 5268
337 339 5268 5268
338 337 1310 1310
338 339 0 0
339 337 1310 1310
339 338 0 0
339 340 41 41
339 341 41 41
340 339 215 215
340 341 0 0
341 339 215 215
341 340 0 0
341 342 2712 2712
341 343 2712 2712
342 341 2601 2601
342 343 0 0
343 341 2601 2601
343 342 0 0
343 344 90 90
344 343 84 84
344 345 125 125
344 346 125 125
345 344 128 128
345 346 0 0
346 344 128 128
346 345 0 0
346 347 492 492
346 348 492 492
347 346 1178 1178
347 348 0 0
348 346 1178 1178
348 347 0 0
348 349 3581 3581
348 350 3581 3581
349 348 36295 36295
349 350 0 0
350 348 36295 36295
350 349 0 0
350 351 74 74
350 352 74 74
351 350 35 35
351 352 0 0
352 350 35 35
352 351 0 0
352 353 143 143
352 354 143 143
353 352 143 143
353 354 0 0
354 352 143 143
354 353 0 0
354 355 143 143
354 356 143 143
355 354 143 143
355 356 0 0
356 354 143 143
356 355 0 0
356 357 78 78
356 358 78 78
357 356 83 83
357 358 0 0
358 356 83 83
358 357 0 0
358 359 8431 8431
358 360 8431 8431
359 358 3 3
359 360 0 0
360 358 3 3
360 359 0 0
360 361 2889 2889
360 362 2889 2889
361 360 2790 2790
361 362 0 0
362 360 2790 2790
362 361 0 0
362 363 176 176
362 364 176 176
363 362 65 65
363 364 0 0
364 362 65 65
364 363 0 0
364 365 507 507
364 366 507 507
365 364 555 555
365 366 0 0
366 364 555 555
366 365 0 0
366 367 126 126
367 366 3 3
367 368 463 463
367 369 463 463
368 367 73 73
368 369 0 0
369 367 73 73
369 368 0 0
369 370 127 127
369 371 127 127
370 369 32 32
370 371 0 0
371 369 32 32
371 370 0 0
371 372 57 57
371 373 57 57
372 371 59 59
372 373 0 0
373 371 59 59
373 372 0 0
373 374 129 129
374 373 130 130
374 375 16118 16118
374 376 16118 16118
375 374 16421 16421
375 376 0 0
376 374 16421 16421
376 375 0 0
376 377 192 192
376 380 104 104
377 376 187 187
377 289 324158 324158
377 378 122 122
378 377 118 118
378 231 338043 338043
378 379 65 65
379 378 73 73
379 278 326951 326951
379 381 104 104
380 376 60 60
380 381 363 363
381 379 60 60
381 380 362 362
381 382 20385 20385
381 383 20385 20385
381 405 6993 6993
382 381 170 170
382 383 0 0
383 381 170 170
383 382 0 0
383 384 108 108
384 383 112 112
384 385 68 68
385 384 84 84
385 386 748 748
385 387 748 748
386 385 754 754
386 387 0 0
387 385 754 754
387 386 0 0
387 388 14834 14834
388 387 7451 7451
388 389 642 642
389 388 274 274
389 390 370 370
390 389 185 185
390 391 3490 3490
391 390 1636 1636
391 392 32 32
392 391 30 30
392 393 142 142
392 394 142 142
393 392 3 3
393 394 0 0
394 392 3 3
394 393 0 0
394 395 46 46
395 394 26 26
395 396 61 61
396 395 29 29
396 397 168 168
396 398 168 168
397 396 160 160
397 398 0 0
398 396 160 160
398 397 0 0
398 399 53 53
399 398 26 26
399 400 8096 8096
400 399 7292 7292
400 401 142 142
401 400 152 152
401 402 156 156
402 401 96 96
402 403 1334 1334
403 402 1735 1735
403 404 129 129
404 403 61 61
404 406 6993 6993
405 381 5730 5730
405 406 49139 49139
406 404 5730 5730
406 405 18394 18394
406 408 3533 3533
406 409 3533 3533
407 316 100 100
407 471 415988 415988
408 406 2981 2981
408 409 0 0
409 406 2981 2981
409 408 0 0
409 410 87667 87667
410 409 307 307
410 411 51 51
411 410 202 202
411 412 274 274
412 411 480 480
412 413 7021 7021
413 412 5796 5796
413 414 4367 4367
413 415 4367 4367
414 413 4081 4081
414 415 0 0
415 413 4081 4081
415 414 0 0
415 416 2070 2070
415 417 2070 2070
416 415 2044 2044
416 417 0 0
417 415 2044 2044
417 416 0 0
417 418 482 482
417 421 673 673
417 422 673 673
418 417 77 77
418 419 358 358
419 418 218 218
419 420 126 126
420 419 84 84
420 421 0 0
421 417 86 86
421 420 0 0
421 422 0 0
421 425 679 679
422 417 86 86
422 421 0 0
422 423 440 440
423 422 3 3
423 424 502 502
424 423 257 257
424 425 0 0
425 421 3 3
425 424 0 0
425 426 4504 4504
425 427 606 606
425 428 606 606
426 425 3 3
426 429 3259 3259
427 425 3 3
427 428 0 0
428 425 3 3
428 427 0 0
428 430 3111 3111
429 426 4613 4613
429 430 606 606
430 428 3 3
430 429 3 3
430 431 2380 2380
431 430 5029 5029
431 432 150 150
432 431 59 59
432 433 5024 5024
433 432 3241 3241
433 434 121 121
433 435 121 121
434 433 123 123
434 435 0 0
435 433 123 123
435 434 0 0
435 436 3786 3786
436 435 3549 3549
436 437 4503 4503
437 436 2750 2750
437 438 5656 5656
437 439 5656 5656
438 437 9743 9743
438 439 0 0
439 437 9743 9743
439 438 0 0
439 440 2691 2691
439 441 2691 2691
440 439 3532 3532
440 441 0 0
441 439 3532 3532
441 440 0 0
441 442 6065 6065
441 443 6065 6065
442 441 6591 6591
442 443 0 0
443 441 6591 6591
443 442 0 0
443 444 2659 2659
444 443 2459 2459
444 445 6432 6432
444 446 6432 6432
445 444 5522 5522
445 446 0 0
446 444 5522 5522
446 445 0 0
446 447 132 132
447 446 81 81
447 448 244 244
448 447 240 240
448 449 1405 1405
449 448 1405 1405
449 450 3455 3455
450 449 1768 1768
450 451 794 794
451 450 249 249
451 452 6580 6580
451 454 6443 6443
452 451 4289 4289
452 453 165 165
453 452 163 163
453 454 0 0
454 451 4150 4150
454 453 0 0
454 455 938 938
454 456 938 938
455 454 934 934
455 456 0 0
456 454 934 934
456 455 0 0
456 457 4544 4544
456 458 4544 4544
457 456 3657 3657
457 458 0 0
458 456 3657 3657
458 457 0 0
458 459 900 900
459 458 821 821
459 460 4857 4857
459 461 703 703
460 459 4529 4529
460 462 703 703
461 459 745 745
461 462 4857 4857
462 461 4529 4529
462 460 745 745
462 463 370 370
463 462 211 211
463 464 3213 3213
463 465 3213 3213
464 463 3925 3925
464 465 0 0
465 463 3925 3925
465 464 0 0
465 466 549 549
465 467 549 549
466 465 428 428
466 467 0 0
467 465 428 428
467 466 0 0
467 468 142 142
468 467 693 693
468 469 1348 1348
468 470 1348 1348
469 468 735 735
469 470 0 0
470 468 735 735
470 469 0 0
470 471 86 86
471 470 100 100
471 407 205630 205630
471 472 4016 4016
472 471 3434 3434
472 473 98 98
472 474 98 98
473 472 99 99
473 474 0 0
474 472 99 99
474 473 0 0
474 475 27373 27373
474 476 27373 27373
475 474 19255 19255
475 476 0 0
476 474 19255 19255
476 475 0 0
476 477 252074 252074
476 478 252074 252074
477 476 12 12
477 478 0 0
478 476 12 12
478 477 0 0
478 479 65 65
478 480 65 65
478 481 59 59
479 478 65 65
479 480 0 0
480 478 65 65
480 479 0 0
480 482 111 111
480 484 760 760
481 478 26 26
481 483 2333 2333
482 480 110 110
482 487 5080 5080
483 481 2353 2353
483 486 2791 2791
484 480 642 642
484 485 1982 1982
485 484 1830 1830
485 486 2392 2392
486 485 2379 2379
486 483 2521 2521
486 487 90 90
486 488 5229 5229
487 482 4841 4841
487 486 133 133
487 490 5229 5229
488 486 2892 2892
488 489 16287 16287
488 490 90 90
489 488 2824 2824
489 491 90 90
490 488 133 133
490 487 2892 2892
490 491 16287 16287
491 490 2824 2824
491 489 133 133
491 492 168 168
491 493 168 168
492 491 141 141
492 493 0 0
493 491 141 141
493 492 0 0
